timestamp,open,high,low,close,volume,year,month,day
2021-03-01 00:00:00+00:00,1418.67,1428.17,1413.67,1414.77,4215.99347,2021,3,1
2021-03-01 00:05:00+00:00,1414.77,1419.19,1409.91,1418.0,3775.48739,2021,3,1
2021-03-01 00:10:00+00:00,1418.25,1422.0,1413.43,1421.99,2609.36133,2021,3,1
2021-03-01 00:15:00+00:00,1422.0,1445.68,1421.58,1444.94,10711.71757,2021,3,1
2021-03-01 00:20:00+00:00,1444.37,1448.59,1437.58,1442.6,4730.57675,2021,3,1
2021-03-01 00:25:00+00:00,1442.82,1443.33,1438.44,1439.09,2447.71908,2021,3,1
2021-03-01 00:30:00+00:00,1439.1,1449.99,1439.1,1447.18,5893.11709,2021,3,1
2021-03-01 00:35:00+00:00,1447.23,1448.64,1442.59,1443.7,2300.11682,2021,3,1
2021-03-01 00:40:00+00:00,1443.74,1445.82,1440.93,1443.44,3471.1074,2021,3,1
2021-03-01 00:45:00+00:00,1443.57,1444.24,1439.33,1441.14,2177.55705,2021,3,1
2021-03-01 00:50:00+00:00,1441.01,1445.31,1438.32,1443.38,3078.55843,2021,3,1
2021-03-01 00:55:00+00:00,1443.38,1446.02,1438.92,1440.76,3071.55922,2021,3,1
2021-03-01 01:00:00+00:00,1440.77,1447.39,1436.0,1436.31,3644.35463,2021,3,1
2021-03-01 01:05:00+00:00,1436.3,1437.67,1433.37,1434.39,2405.13906,2021,3,1
2021-03-01 01:10:00+00:00,1434.48,1434.99,1430.72,1432.04,2060.70888,2021,3,1
2021-03-01 01:15:00+00:00,1432.04,1435.57,1432.04,1433.69,1765.81915,2021,3,1
2021-03-01 01:20:00+00:00,1433.73,1434.89,1426.3,1433.55,3441.23437,2021,3,1
2021-03-01 01:25:00+00:00,1433.76,1434.73,1430.53,1432.92,1653.18832,2021,3,1
2021-03-01 01:30:00+00:00,1432.91,1442.79,1432.91,1437.17,3045.774,2021,3,1
2021-03-01 01:35:00+00:00,1437.18,1439.43,1432.38,1434.36,1879.11069,2021,3,1
2021-03-01 01:40:00+00:00,1434.36,1439.93,1432.17,1436.8,1919.54268,2021,3,1
2021-03-01 01:45:00+00:00,1436.8,1440.79,1435.59,1438.72,1588.29158,2021,3,1
2021-03-01 01:50:00+00:00,1439.0,1442.46,1437.63,1438.5,1350.06793,2021,3,1
2021-03-01 01:55:00+00:00,1438.5,1440.0,1433.21,1439.55,2461.17561,2021,3,1
2021-03-01 02:00:00+00:00,1439.73,1444.2,1436.5,1442.68,3181.45266,2021,3,1
2021-03-01 02:05:00+00:00,1442.75,1446.81,1441.8,1445.94,3626.76749,2021,3,1
2021-03-01 02:10:00+00:00,1445.95,1447.1,1441.14,1444.49,2055.86215,2021,3,1
2021-03-01 02:15:00+00:00,1444.35,1445.99,1437.71,1441.11,4823.65785,2021,3,1
2021-03-01 02:20:00+00:00,1441.24,1449.0,1440.0,1446.4,3459.40006,2021,3,1
2021-03-01 02:25:00+00:00,1446.64,1456.88,1446.64,1450.17,6255.64756,2021,3,1
2021-03-01 02:30:00+00:00,1450.36,1455.26,1448.84,1449.36,3153.80692,2021,3,1
2021-03-01 02:35:00+00:00,1449.37,1452.89,1446.09,1446.5,3371.44697,2021,3,1
2021-03-01 02:40:00+00:00,1446.52,1449.3,1443.65,1444.75,2733.66576,2021,3,1
2021-03-01 02:45:00+00:00,1444.73,1446.25,1441.08,1442.13,3370.01767,2021,3,1
2021-03-01 02:50:00+00:00,1442.13,1443.28,1437.85,1438.54,3444.84798,2021,3,1
2021-03-01 02:55:00+00:00,1438.54,1442.13,1434.96,1440.05,4451.02817,2021,3,1
2021-03-01 03:00:00+00:00,1440.31,1442.99,1436.65,1436.7,3661.65763,2021,3,1
2021-03-01 03:05:00+00:00,1436.83,1437.77,1431.27,1434.18,2583.25122,2021,3,1
2021-03-01 03:10:00+00:00,1434.05,1439.44,1434.02,1439.09,2903.22199,2021,3,1
2021-03-01 03:15:00+00:00,1439.09,1442.0,1438.19,1440.74,2237.34033,2021,3,1
2021-03-01 03:20:00+00:00,1440.73,1440.99,1436.82,1438.18,2155.1429,2021,3,1
2021-03-01 03:25:00+00:00,1438.45,1442.79,1438.18,1442.26,1777.72071,2021,3,1
2021-03-01 03:30:00+00:00,1442.25,1446.15,1441.07,1442.92,3397.94011,2021,3,1
2021-03-01 03:35:00+00:00,1442.93,1444.32,1438.45,1438.84,2212.12912,2021,3,1
2021-03-01 03:40:00+00:00,1438.67,1439.61,1435.39,1437.27,2341.8785,2021,3,1
2021-03-01 03:45:00+00:00,1437.27,1438.1,1433.1,1435.52,4262.85693,2021,3,1
2021-03-01 03:50:00+00:00,1435.52,1438.0,1432.2,1437.69,2311.92555,2021,3,1
2021-03-01 03:55:00+00:00,1437.69,1444.12,1431.72,1434.06,3643.9002,2021,3,1
2021-03-01 04:00:00+00:00,1434.06,1442.27,1434.06,1441.78,2400.50772,2021,3,1
2021-03-01 04:05:00+00:00,1441.7,1442.74,1439.29,1441.45,1925.33846,2021,3,1
2021-03-01 04:10:00+00:00,1441.45,1442.53,1436.24,1436.74,1939.73994,2021,3,1
2021-03-01 04:15:00+00:00,1436.76,1438.7,1428.56,1428.58,4370.53603,2021,3,1
2021-03-01 04:20:00+00:00,1428.58,1430.54,1421.46,1425.82,5583.0097,2021,3,1
2021-03-01 04:25:00+00:00,1425.81,1431.38,1424.37,1431.2,2777.2966,2021,3,1
2021-03-01 04:30:00+00:00,1431.2,1433.82,1427.78,1432.77,1731.06227,2021,3,1
2021-03-01 04:35:00+00:00,1432.6,1433.53,1428.46,1429.33,1840.89617,2021,3,1
2021-03-01 04:40:00+00:00,1429.39,1437.09,1426.82,1436.9,1936.33294,2021,3,1
2021-03-01 04:45:00+00:00,1436.94,1441.37,1435.78,1440.26,2008.87242,2021,3,1
2021-03-01 04:50:00+00:00,1440.27,1451.92,1440.26,1441.71,5384.91674,2021,3,1
2021-03-01 04:55:00+00:00,1441.69,1443.57,1439.1,1441.63,1734.67395,2021,3,1
2021-03-01 05:00:00+00:00,1441.9,1444.0,1438.51,1441.08,2690.95595,2021,3,1
2021-03-01 05:05:00+00:00,1441.09,1444.77,1440.06,1443.44,2581.33986,2021,3,1
2021-03-01 05:10:00+00:00,1443.51,1448.1,1442.29,1442.45,3463.15362,2021,3,1
2021-03-01 05:15:00+00:00,1442.45,1443.05,1438.61,1438.93,3813.17163,2021,3,1
2021-03-01 05:20:00+00:00,1438.93,1442.17,1438.78,1441.96,2254.70517,2021,3,1
2021-03-01 05:25:00+00:00,1441.81,1442.66,1434.72,1436.4,2242.47244,2021,3,1
2021-03-01 05:30:00+00:00,1436.4,1442.82,1435.59,1442.6,1953.68391,2021,3,1
2021-03-01 05:35:00+00:00,1442.52,1444.58,1439.41,1440.62,2179.27021,2021,3,1
2021-03-01 05:40:00+00:00,1440.57,1441.06,1435.17,1435.91,1846.16569,2021,3,1
2021-03-01 05:45:00+00:00,1435.97,1437.64,1430.36,1433.91,2718.27751,2021,3,1
2021-03-01 05:50:00+00:00,1433.9,1433.99,1427.94,1428.94,1399.37874,2021,3,1
2021-03-01 05:55:00+00:00,1428.94,1433.71,1428.63,1433.71,1457.53587,2021,3,1
2021-03-01 06:00:00+00:00,1433.72,1437.14,1428.82,1430.77,2210.89475,2021,3,1
2021-03-01 06:05:00+00:00,1430.76,1435.0,1428.33,1433.6,1446.66739,2021,3,1
2021-03-01 06:10:00+00:00,1433.6,1436.72,1433.09,1434.92,1418.74577,2021,3,1
2021-03-01 06:15:00+00:00,1434.78,1442.93,1433.2,1441.01,2742.67226,2021,3,1
2021-03-01 06:20:00+00:00,1441.09,1441.12,1435.28,1435.93,1276.32671,2021,3,1
2021-03-01 06:25:00+00:00,1435.89,1439.26,1435.59,1436.96,1297.81723,2021,3,1
2021-03-01 06:30:00+00:00,1437.1,1437.77,1430.44,1430.75,1732.50627,2021,3,1
2021-03-01 06:35:00+00:00,1430.75,1430.96,1424.61,1425.01,2984.97902,2021,3,1
2021-03-01 06:40:00+00:00,1425.02,1428.25,1422.04,1424.2,2538.1409,2021,3,1
2021-03-01 06:45:00+00:00,1424.2,1426.6,1420.52,1421.25,3370.6133,2021,3,1
2021-03-01 06:50:00+00:00,1421.41,1426.03,1420.63,1423.76,4000.12283,2021,3,1
2021-03-01 06:55:00+00:00,1423.75,1427.07,1422.89,1424.36,2056.91804,2021,3,1
2021-03-01 07:00:00+00:00,1424.36,1433.71,1424.27,1432.58,2217.85241,2021,3,1
2021-03-01 07:05:00+00:00,1432.58,1432.58,1422.24,1426.21,2557.29224,2021,3,1
2021-03-01 07:10:00+00:00,1426.3,1429.97,1423.59,1429.92,1878.93742,2021,3,1
2021-03-01 07:15:00+00:00,1429.87,1431.2,1424.92,1428.66,1371.63065,2021,3,1
2021-03-01 07:20:00+00:00,1428.65,1430.41,1425.79,1427.44,1828.15169,2021,3,1
2021-03-01 07:25:00+00:00,1427.32,1431.57,1427.0,1431.32,1811.98092,2021,3,1
2021-03-01 07:30:00+00:00,1431.23,1431.51,1423.0,1423.99,2930.81867,2021,3,1
2021-03-01 07:35:00+00:00,1424.18,1431.27,1423.19,1430.16,2036.16857,2021,3,1
2021-03-01 07:40:00+00:00,1430.15,1430.2,1427.09,1430.0,1777.48732,2021,3,1
2021-03-01 07:45:00+00:00,1430.0,1430.42,1425.37,1425.46,1437.74644,2021,3,1
2021-03-01 07:50:00+00:00,1425.69,1431.0,1425.45,1429.81,1593.8639,2021,3,1
2021-03-01 07:55:00+00:00,1429.82,1441.0,1428.77,1437.74,4969.04909,2021,3,1
2021-03-01 08:00:00+00:00,1437.74,1446.6,1437.7,1439.61,5185.20929,2021,3,1
2021-03-01 08:05:00+00:00,1439.74,1445.0,1438.83,1444.4,2388.62477,2021,3,1
2021-03-01 08:10:00+00:00,1444.44,1446.52,1441.84,1443.1,4683.61409,2021,3,1
2021-03-01 08:15:00+00:00,1443.1,1446.25,1441.05,1444.12,2462.08044,2021,3,1
2021-03-01 08:20:00+00:00,1444.16,1458.71,1444.16,1458.59,6218.88915,2021,3,1
2021-03-01 08:25:00+00:00,1458.36,1467.67,1454.46,1463.23,8248.23653,2021,3,1
2021-03-01 08:30:00+00:00,1463.32,1471.0,1462.14,1467.58,7525.84928,2021,3,1
2021-03-01 08:35:00+00:00,1467.5,1474.1,1465.0,1466.9,6891.02671,2021,3,1
2021-03-01 08:40:00+00:00,1467.11,1469.29,1464.0,1464.25,3953.77458,2021,3,1
2021-03-01 08:45:00+00:00,1464.33,1465.52,1459.14,1461.65,9629.397,2021,3,1
2021-03-01 08:50:00+00:00,1461.44,1466.41,1460.84,1464.46,5121.02844,2021,3,1
2021-03-01 08:55:00+00:00,1464.46,1467.0,1463.6,1464.46,2829.11581,2021,3,1
2021-03-01 09:00:00+00:00,1464.48,1470.99,1464.22,1467.32,4459.30145,2021,3,1
2021-03-01 09:05:00+00:00,1467.32,1490.85,1466.49,1487.41,10777.27475,2021,3,1
2021-03-01 09:10:00+00:00,1487.4,1496.89,1486.45,1490.22,9034.33087,2021,3,1
2021-03-01 09:15:00+00:00,1490.23,1504.0,1490.23,1501.39,10983.89956,2021,3,1
2021-03-01 09:20:00+00:00,1501.4,1501.79,1490.86,1494.55,6801.76716,2021,3,1
2021-03-01 09:25:00+00:00,1494.81,1503.53,1494.65,1502.15,11016.53362,2021,3,1
2021-03-01 09:30:00+00:00,1502.14,1503.5,1494.69,1499.57,5965.96895,2021,3,1
2021-03-01 09:35:00+00:00,1499.89,1504.02,1499.08,1503.88,4367.45503,2021,3,1
2021-03-01 09:40:00+00:00,1503.87,1510.0,1502.34,1507.31,7742.24971,2021,3,1
2021-03-01 09:45:00+00:00,1507.32,1510.04,1501.08,1504.64,7777.5536,2021,3,1
2021-03-01 09:50:00+00:00,1504.55,1506.59,1498.0,1502.85,5090.89355,2021,3,1
2021-03-01 09:55:00+00:00,1502.76,1507.81,1499.28,1504.17,5076.73811,2021,3,1
2021-03-01 10:00:00+00:00,1504.17,1508.74,1498.26,1500.5,7633.61312,2021,3,1
2021-03-01 10:05:00+00:00,1500.47,1502.63,1495.91,1500.92,3716.64323,2021,3,1
2021-03-01 10:10:00+00:00,1500.99,1519.77,1499.99,1516.76,11403.02891,2021,3,1
2021-03-01 10:15:00+00:00,1516.76,1521.2,1510.78,1518.56,8864.97764,2021,3,1
2021-03-01 10:20:00+00:00,1518.56,1518.56,1511.22,1515.0,6837.22791,2021,3,1
2021-03-01 10:25:00+00:00,1515.0,1515.3,1505.28,1507.78,6833.49915,2021,3,1
2021-03-01 10:30:00+00:00,1507.78,1512.61,1507.78,1509.41,2824.88925,2021,3,1
2021-03-01 10:35:00+00:00,1509.41,1513.96,1509.0,1512.17,3103.37701,2021,3,1
2021-03-01 10:40:00+00:00,1511.95,1525.69,1511.87,1523.02,7618.60794,2021,3,1
2021-03-01 10:45:00+00:00,1523.03,1529.99,1520.45,1520.73,7140.36139,2021,3,1
2021-03-01 10:50:00+00:00,1520.8,1531.0,1519.21,1526.67,5699.50116,2021,3,1
2021-03-01 10:55:00+00:00,1526.69,1527.53,1519.57,1522.87,6660.32333,2021,3,1
2021-03-01 11:00:00+00:00,1523.06,1528.58,1519.0,1519.53,3544.45073,2021,3,1
2021-03-01 11:05:00+00:00,1519.53,1528.39,1519.53,1524.5,4503.29717,2021,3,1
2021-03-01 11:10:00+00:00,1524.5,1530.72,1522.82,1528.11,7128.16469,2021,3,1
2021-03-01 11:15:00+00:00,1528.15,1528.4,1521.42,1524.05,5316.60008,2021,3,1
2021-03-01 11:20:00+00:00,1524.09,1527.5,1523.03,1523.63,2567.144,2021,3,1
2021-03-01 11:25:00+00:00,1523.62,1524.46,1518.47,1519.92,3322.42302,2021,3,1
2021-03-01 11:30:00+00:00,1519.92,1519.92,1513.36,1517.59,3690.07107,2021,3,1
2021-03-01 11:35:00+00:00,1517.64,1524.86,1517.26,1524.81,2387.51349,2021,3,1
2021-03-01 11:40:00+00:00,1524.79,1524.86,1520.67,1522.24,2321.72151,2021,3,1
2021-03-01 11:45:00+00:00,1522.4,1526.19,1521.13,1524.85,3412.08085,2021,3,1
2021-03-01 11:50:00+00:00,1524.85,1525.03,1517.31,1521.82,3779.58587,2021,3,1
2021-03-01 11:55:00+00:00,1521.6,1526.52,1518.0,1524.96,3230.01821,2021,3,1
2021-03-01 12:00:00+00:00,1524.95,1536.16,1523.93,1529.87,7754.48463,2021,3,1
2021-03-01 12:05:00+00:00,1529.64,1530.77,1519.7,1522.17,3194.75589,2021,3,1
2021-03-01 12:10:00+00:00,1522.16,1524.14,1517.13,1521.57,3927.95882,2021,3,1
2021-03-01 12:15:00+00:00,1521.56,1527.18,1520.2,1524.69,2956.73628,2021,3,1
2021-03-01 12:20:00+00:00,1524.69,1526.0,1515.12,1515.2,4220.0022,2021,3,1
2021-03-01 12:25:00+00:00,1515.21,1519.21,1510.0,1510.04,5720.5292,2021,3,1
2021-03-01 12:30:00+00:00,1510.02,1516.91,1509.77,1516.24,4272.01782,2021,3,1
2021-03-01 12:35:00+00:00,1516.23,1520.0,1516.17,1520.0,2610.8416,2021,3,1
2021-03-01 12:40:00+00:00,1519.99,1525.6,1518.3,1523.53,3104.72352,2021,3,1
2021-03-01 12:45:00+00:00,1523.52,1532.0,1523.3,1530.69,5556.93743,2021,3,1
2021-03-01 12:50:00+00:00,1531.0,1535.29,1528.66,1529.26,9269.81827,2021,3,1
2021-03-01 12:55:00+00:00,1529.18,1531.21,1525.76,1528.95,2819.32361,2021,3,1
2021-03-01 13:00:00+00:00,1528.94,1539.0,1528.94,1534.76,6463.87306,2021,3,1
2021-03-01 13:05:00+00:00,1534.67,1539.05,1531.5,1531.73,3611.92872,2021,3,1
2021-03-01 13:10:00+00:00,1531.67,1534.36,1529.63,1531.86,3228.91274,2021,3,1
2021-03-01 13:15:00+00:00,1531.86,1536.22,1530.0,1534.16,5288.7746,2021,3,1
2021-03-01 13:20:00+00:00,1534.23,1537.9,1531.39,1531.61,4455.49278,2021,3,1
2021-03-01 13:25:00+00:00,1531.61,1532.88,1529.69,1530.93,3616.85906,2021,3,1
2021-03-01 13:30:00+00:00,1530.99,1531.97,1528.15,1528.3,5365.50436,2021,3,1
2021-03-01 13:35:00+00:00,1528.35,1529.3,1526.26,1526.89,3911.27179,2021,3,1
2021-03-01 13:40:00+00:00,1526.96,1530.0,1526.7,1529.99,1946.73423,2021,3,1
2021-03-01 13:45:00+00:00,1529.85,1532.94,1526.61,1526.93,3446.07386,2021,3,1
2021-03-01 13:50:00+00:00,1526.85,1529.49,1526.09,1527.16,3621.49195,2021,3,1
2021-03-01 13:55:00+00:00,1527.23,1530.0,1522.56,1522.81,4217.63203,2021,3,1
2021-03-01 14:00:00+00:00,1522.74,1523.0,1514.12,1522.18,9806.55989,2021,3,1
2021-03-01 14:05:00+00:00,1522.18,1528.0,1521.25,1526.44,2792.74617,2021,3,1
2021-03-01 14:10:00+00:00,1526.45,1527.91,1523.09,1525.0,2441.10594,2021,3,1
2021-03-01 14:15:00+00:00,1525.0,1525.4,1520.82,1522.65,3049.70706,2021,3,1
2021-03-01 14:20:00+00:00,1522.81,1527.17,1521.41,1525.61,4868.30591,2021,3,1
2021-03-01 14:25:00+00:00,1525.62,1532.41,1524.83,1530.45,4398.1329,2021,3,1
2021-03-01 14:30:00+00:00,1530.46,1541.6,1530.46,1537.62,5525.93881,2021,3,1
2021-03-01 14:35:00+00:00,1537.62,1537.79,1533.14,1534.23,3238.51718,2021,3,1
2021-03-01 14:40:00+00:00,1534.36,1534.99,1531.24,1533.81,2684.80575,2021,3,1
2021-03-01 14:45:00+00:00,1533.41,1533.52,1525.87,1527.33,12924.6379,2021,3,1
2021-03-01 14:50:00+00:00,1527.39,1528.76,1523.57,1525.71,8747.5294,2021,3,1
2021-03-01 14:55:00+00:00,1525.56,1531.24,1525.35,1526.0,4164.22218,2021,3,1
2021-03-01 15:00:00+00:00,1525.91,1535.52,1525.85,1531.68,2865.6425,2021,3,1
2021-03-01 15:05:00+00:00,1531.68,1538.0,1529.15,1536.74,4929.03802,2021,3,1
2021-03-01 15:10:00+00:00,1536.74,1542.01,1536.7,1540.65,5009.8523,2021,3,1
2021-03-01 15:15:00+00:00,1540.66,1546.04,1537.0,1539.8,7879.06356,2021,3,1
2021-03-01 15:20:00+00:00,1540.0,1540.73,1534.93,1540.04,4267.95814,2021,3,1
2021-03-01 15:25:00+00:00,1540.04,1553.63,1538.51,1549.24,11914.46989,2021,3,1
2021-03-01 15:30:00+00:00,1549.26,1554.17,1547.01,1548.83,5534.81463,2021,3,1
2021-03-01 15:35:00+00:00,1548.9,1554.44,1547.0,1549.44,4985.25828,2021,3,1
2021-03-01 15:40:00+00:00,1549.61,1555.32,1549.02,1551.13,5601.04378,2021,3,1
2021-03-01 15:45:00+00:00,1551.02,1552.85,1544.66,1546.58,4670.60274,2021,3,1
2021-03-01 15:50:00+00:00,1546.72,1547.65,1541.45,1542.24,4346.78618,2021,3,1
2021-03-01 15:55:00+00:00,1542.32,1551.99,1542.32,1551.73,3906.89973,2021,3,1
2021-03-01 16:00:00+00:00,1551.75,1563.9,1545.67,1553.37,15735.13402,2021,3,1
2021-03-01 16:05:00+00:00,1553.66,1565.0,1541.78,1542.84,10439.33455,2021,3,1
2021-03-01 16:10:00+00:00,1542.87,1543.98,1537.0,1537.49,7052.26462,2021,3,1
2021-03-01 16:15:00+00:00,1537.68,1545.0,1537.68,1542.93,5193.05181,2021,3,1
2021-03-01 16:20:00+00:00,1542.86,1557.77,1542.34,1555.05,6701.08539,2021,3,1
2021-03-01 16:25:00+00:00,1555.08,1558.67,1545.67,1546.25,5220.25277,2021,3,1
2021-03-01 16:30:00+00:00,1546.23,1549.97,1540.01,1541.8,4499.86048,2021,3,1
2021-03-01 16:35:00+00:00,1541.81,1544.54,1539.16,1540.78,3745.23885,2021,3,1
2021-03-01 16:40:00+00:00,1540.78,1543.19,1533.33,1536.64,4592.43282,2021,3,1
2021-03-01 16:45:00+00:00,1536.63,1537.11,1527.01,1528.12,5459.09059,2021,3,1
2021-03-01 16:50:00+00:00,1528.06,1537.74,1526.17,1537.7,5510.34133,2021,3,1
2021-03-01 16:55:00+00:00,1537.7,1548.39,1537.44,1542.86,4621.95597,2021,3,1
2021-03-01 17:00:00+00:00,1543.13,1548.47,1538.55,1538.67,3975.6808,2021,3,1
2021-03-01 17:05:00+00:00,1538.67,1544.87,1536.64,1537.05,2766.38243,2021,3,1
2021-03-01 17:10:00+00:00,1537.06,1539.23,1531.73,1534.22,3060.90163,2021,3,1
2021-03-01 17:15:00+00:00,1533.92,1537.27,1529.55,1536.4,3264.60307,2021,3,1
2021-03-01 17:20:00+00:00,1536.39,1538.14,1532.96,1534.2,2044.73064,2021,3,1
2021-03-01 17:25:00+00:00,1534.22,1539.41,1531.7,1539.2,2272.58923,2021,3,1
2021-03-01 17:30:00+00:00,1539.2,1541.41,1534.25,1535.85,2493.45005,2021,3,1
2021-03-01 17:35:00+00:00,1535.78,1549.15,1532.5,1532.95,4329.4869,2021,3,1
2021-03-01 17:40:00+00:00,1532.91,1536.29,1530.37,1531.7,2266.16161,2021,3,1
2021-03-01 17:45:00+00:00,1531.64,1533.81,1524.01,1528.76,4032.55131,2021,3,1
2021-03-01 17:50:00+00:00,1529.07,1529.13,1522.18,1526.24,3475.19864,2021,3,1
2021-03-01 17:55:00+00:00,1525.88,1525.88,1518.03,1520.83,5989.17835,2021,3,1
2021-03-01 18:00:00+00:00,1520.84,1528.65,1520.15,1527.99,3214.79619,2021,3,1
2021-03-01 18:05:00+00:00,1528.0,1529.38,1524.53,1528.91,3336.29677,2021,3,1
2021-03-01 18:10:00+00:00,1528.88,1529.63,1524.19,1527.98,2548.79575,2021,3,1
2021-03-01 18:15:00+00:00,1527.97,1528.17,1513.1,1514.74,6222.3035,2021,3,1
2021-03-01 18:20:00+00:00,1514.73,1518.7,1513.59,1515.94,3328.1689,2021,3,1
2021-03-01 18:25:00+00:00,1515.95,1520.56,1513.3,1520.56,3895.84392,2021,3,1
2021-03-01 18:30:00+00:00,1520.26,1523.99,1516.0,1520.99,2719.88683,2021,3,1
2021-03-01 18:35:00+00:00,1520.99,1521.78,1518.44,1519.11,1887.06096,2021,3,1
2021-03-01 18:40:00+00:00,1519.1,1522.61,1519.02,1520.58,1959.82371,2021,3,1
2021-03-01 18:45:00+00:00,1520.58,1526.75,1517.33,1525.35,2395.21768,2021,3,1
2021-03-01 18:50:00+00:00,1525.34,1525.89,1522.54,1523.01,1554.66641,2021,3,1
2021-03-01 18:55:00+00:00,1522.98,1525.0,1521.49,1524.14,1687.44798,2021,3,1
2021-03-01 19:00:00+00:00,1524.14,1525.14,1519.18,1524.67,3076.42659,2021,3,1
2021-03-01 19:05:00+00:00,1524.66,1526.51,1519.72,1525.55,1929.0337,2021,3,1
2021-03-01 19:10:00+00:00,1525.55,1531.87,1523.56,1524.02,3374.83707,2021,3,1
2021-03-01 19:15:00+00:00,1524.13,1524.29,1517.53,1520.49,3830.48984,2021,3,1
2021-03-01 19:20:00+00:00,1520.5,1521.11,1516.22,1516.91,2133.51545,2021,3,1
2021-03-01 19:25:00+00:00,1516.9,1517.73,1513.87,1516.26,2202.97752,2021,3,1
2021-03-01 19:30:00+00:00,1516.49,1523.65,1516.26,1521.38,2203.50521,2021,3,1
2021-03-01 19:35:00+00:00,1521.15,1521.6,1514.32,1514.67,2655.53056,2021,3,1
2021-03-01 19:40:00+00:00,1514.64,1514.64,1502.49,1503.49,7309.85167,2021,3,1
2021-03-01 19:45:00+00:00,1503.49,1518.48,1503.27,1516.73,3540.45701,2021,3,1
2021-03-01 19:50:00+00:00,1516.92,1524.32,1516.52,1522.99,3072.97463,2021,3,1
2021-03-01 19:55:00+00:00,1522.64,1522.99,1511.24,1513.26,2653.47141,2021,3,1
2021-03-01 20:00:00+00:00,1513.35,1525.92,1510.83,1524.89,2753.38875,2021,3,1
2021-03-01 20:05:00+00:00,1524.81,1525.14,1519.18,1520.77,1781.84333,2021,3,1
2021-03-01 20:10:00+00:00,1520.63,1521.1,1511.92,1516.39,3311.23816,2021,3,1
2021-03-01 20:15:00+00:00,1516.53,1525.42,1515.21,1523.23,2895.44735,2021,3,1
2021-03-01 20:20:00+00:00,1523.22,1525.53,1519.15,1520.96,2261.13856,2021,3,1
2021-03-01 20:25:00+00:00,1520.96,1521.86,1511.0,1512.88,4401.12807,2021,3,1
2021-03-01 20:30:00+00:00,1512.98,1513.25,1506.36,1507.81,4622.70701,2021,3,1
2021-03-01 20:35:00+00:00,1508.18,1512.4,1505.0,1507.23,4173.70161,2021,3,1
2021-03-01 20:40:00+00:00,1507.63,1512.55,1506.7,1510.41,2527.15762,2021,3,1
2021-03-01 20:45:00+00:00,1510.41,1517.26,1510.2,1516.74,2190.44295,2021,3,1
2021-03-01 20:50:00+00:00,1516.74,1518.54,1515.32,1518.24,1778.38156,2021,3,1
2021-03-01 20:55:00+00:00,1517.92,1519.82,1514.0,1518.14,1781.64853,2021,3,1
2021-03-01 21:00:00+00:00,1518.3,1522.34,1513.85,1521.93,2959.22966,2021,3,1
2021-03-01 21:05:00+00:00,1521.94,1526.41,1520.86,1525.0,2916.38538,2021,3,1
2021-03-01 21:10:00+00:00,1524.82,1525.0,1518.57,1519.92,1180.32918,2021,3,1
2021-03-01 21:15:00+00:00,1519.92,1522.0,1516.0,1521.83,2049.65661,2021,3,1
2021-03-01 21:20:00+00:00,1521.85,1524.0,1520.18,1524.0,1230.23068,2021,3,1
2021-03-01 21:25:00+00:00,1524.01,1524.04,1520.17,1520.84,1565.60651,2021,3,1
2021-03-01 21:30:00+00:00,1520.84,1521.59,1518.64,1521.4,1928.10095,2021,3,1
2021-03-01 21:35:00+00:00,1521.39,1523.57,1521.04,1523.57,1294.36915,2021,3,1
2021-03-01 21:40:00+00:00,1523.85,1526.44,1523.2,1526.21,1562.6159,2021,3,1
2021-03-01 21:45:00+00:00,1526.29,1533.05,1522.08,1531.64,3636.47113,2021,3,1
2021-03-01 21:50:00+00:00,1531.43,1544.55,1529.08,1543.7,3248.82584,2021,3,1
2021-03-01 21:55:00+00:00,1543.3,1547.63,1540.11,1544.4,3000.60176,2021,3,1
2021-03-01 22:00:00+00:00,1544.38,1545.31,1537.36,1541.35,2236.91542,2021,3,1
2021-03-01 22:05:00+00:00,1541.34,1541.34,1535.53,1536.8,1930.28116,2021,3,1
2021-03-01 22:10:00+00:00,1536.68,1537.95,1536.05,1536.38,1264.50773,2021,3,1
2021-03-01 22:15:00+00:00,1536.94,1538.01,1536.01,1537.28,1303.23012,2021,3,1
2021-03-01 22:20:00+00:00,1537.56,1539.51,1536.67,1539.37,1708.56016,2021,3,1
2021-03-01 22:25:00+00:00,1539.19,1542.12,1539.01,1541.6,1758.47002,2021,3,1
2021-03-01 22:30:00+00:00,1541.41,1547.92,1541.3,1547.16,2900.60175,2021,3,1
2021-03-01 22:35:00+00:00,1547.16,1550.0,1547.03,1549.09,1613.63344,2021,3,1
2021-03-01 22:40:00+00:00,1549.1,1554.68,1547.81,1549.52,3678.85297,2021,3,1
2021-03-01 22:45:00+00:00,1549.52,1550.34,1545.4,1547.82,2480.23329,2021,3,1
2021-03-01 22:50:00+00:00,1547.78,1548.27,1544.84,1545.1,1678.35607,2021,3,1
2021-03-01 22:55:00+00:00,1545.28,1550.36,1545.0,1550.06,1412.59372,2021,3,1
2021-03-01 23:00:00+00:00,1550.22,1553.51,1547.01,1552.93,3212.97688,2021,3,1
2021-03-01 23:05:00+00:00,1552.97,1556.53,1552.16,1552.4,2118.62891,2021,3,1
2021-03-01 23:10:00+00:00,1552.46,1554.97,1550.49,1552.14,2525.9666,2021,3,1
2021-03-01 23:15:00+00:00,1552.19,1558.51,1552.15,1557.95,2925.20475,2021,3,1
2021-03-01 23:20:00+00:00,1557.82,1560.0,1555.02,1559.99,2919.48228,2021,3,1
2021-03-01 23:25:00+00:00,1560.0,1561.0,1555.26,1558.7,2664.32016,2021,3,1
2021-03-01 23:30:00+00:00,1558.9,1559.15,1552.0,1556.64,3571.65337,2021,3,1
2021-03-01 23:35:00+00:00,1556.63,1558.48,1554.76,1557.17,1918.44921,2021,3,1
2021-03-01 23:40:00+00:00,1557.25,1559.29,1556.0,1559.04,2282.67285,2021,3,1
2021-03-01 23:45:00+00:00,1559.29,1568.67,1559.07,1564.0,4688.47131,2021,3,1
2021-03-01 23:50:00+00:00,1564.01,1571.78,1564.0,1566.79,4242.4932,2021,3,1
2021-03-01 23:55:00+00:00,1566.79,1572.0,1565.63,1569.86,3392.86692,2021,3,1
2021-03-02 00:00:00+00:00,1570.0,1576.43,1567.38,1576.05,4591.77967,2021,3,2
2021-03-02 00:05:00+00:00,1576.06,1582.19,1575.08,1581.73,4798.60239,2021,3,2
2021-03-02 00:10:00+00:00,1581.92,1586.87,1576.97,1586.86,4693.71587,2021,3,2
2021-03-02 00:15:00+00:00,1586.87,1594.97,1583.61,1592.01,7027.00184,2021,3,2
2021-03-02 00:20:00+00:00,1592.04,1602.0,1590.38,1601.36,8839.64389,2021,3,2
2021-03-02 00:25:00+00:00,1601.36,1602.9,1595.0,1602.72,4044.85008,2021,3,2
2021-03-02 00:30:00+00:00,1602.56,1602.57,1579.8,1580.11,7765.69991,2021,3,2
2021-03-02 00:35:00+00:00,1580.11,1584.61,1574.74,1583.7,6058.70885,2021,3,2
2021-03-02 00:40:00+00:00,1583.83,1587.23,1576.39,1581.4,3018.01356,2021,3,2
2021-03-02 00:45:00+00:00,1581.39,1584.76,1566.01,1567.36,5232.01895,2021,3,2
2021-03-02 00:50:00+00:00,1567.36,1572.77,1558.64,1569.8,5894.98453,2021,3,2
2021-03-02 00:55:00+00:00,1569.79,1573.35,1562.44,1564.33,2483.05273,2021,3,2
2021-03-02 01:00:00+00:00,1564.34,1564.89,1550.6,1552.13,4138.54283,2021,3,2
2021-03-02 01:05:00+00:00,1552.17,1563.1,1550.0,1562.21,3282.28693,2021,3,2
2021-03-02 01:10:00+00:00,1561.63,1563.03,1552.38,1553.34,1781.67099,2021,3,2
2021-03-02 01:15:00+00:00,1553.32,1553.43,1540.0,1547.04,4148.89913,2021,3,2
2021-03-02 01:20:00+00:00,1547.0,1556.45,1546.31,1556.23,3504.05116,2021,3,2
2021-03-02 01:25:00+00:00,1555.89,1559.19,1546.81,1546.83,1906.53513,2021,3,2
2021-03-02 01:30:00+00:00,1547.0,1555.0,1542.47,1554.67,1887.41955,2021,3,2
2021-03-02 01:35:00+00:00,1554.75,1557.55,1547.72,1554.59,3676.03404,2021,3,2
2021-03-02 01:40:00+00:00,1555.52,1562.23,1554.93,1560.23,3345.54878,2021,3,2
2021-03-02 01:45:00+00:00,1560.22,1561.91,1559.83,1560.81,1773.92344,2021,3,2
2021-03-02 01:50:00+00:00,1560.82,1569.25,1560.45,1567.52,2986.76509,2021,3,2
2021-03-02 01:55:00+00:00,1567.5,1570.31,1567.14,1567.91,2783.39373,2021,3,2
2021-03-02 02:00:00+00:00,1567.71,1569.28,1547.97,1555.1,6483.60349,2021,3,2
2021-03-02 02:05:00+00:00,1555.07,1567.89,1549.56,1564.13,3063.90511,2021,3,2
2021-03-02 02:10:00+00:00,1564.82,1576.67,1563.31,1575.69,3771.5055,2021,3,2
2021-03-02 02:15:00+00:00,1575.56,1577.45,1565.25,1572.04,3871.4988,2021,3,2
2021-03-02 02:20:00+00:00,1572.01,1574.0,1560.86,1568.99,2899.92037,2021,3,2
2021-03-02 02:25:00+00:00,1569.08,1572.36,1564.87,1567.3,3299.03835,2021,3,2
2021-03-02 02:30:00+00:00,1567.3,1585.0,1567.25,1582.48,5620.04341,2021,3,2
2021-03-02 02:35:00+00:00,1582.48,1583.03,1577.18,1579.2,2623.19665,2021,3,2
2021-03-02 02:40:00+00:00,1579.2,1581.17,1577.86,1580.0,2220.714,2021,3,2
2021-03-02 02:45:00+00:00,1580.0,1583.5,1575.0,1583.32,3424.4952,2021,3,2
2021-03-02 02:50:00+00:00,1583.35,1583.86,1576.97,1578.34,2423.97511,2021,3,2
2021-03-02 02:55:00+00:00,1578.51,1578.66,1565.34,1567.51,3066.19146,2021,3,2
2021-03-02 03:00:00+00:00,1567.89,1568.2,1560.16,1562.06,2292.26398,2021,3,2
2021-03-02 03:05:00+00:00,1562.27,1570.99,1562.06,1570.14,2723.639,2021,3,2
2021-03-02 03:10:00+00:00,1570.14,1575.5,1569.58,1571.59,1727.4143,2021,3,2
2021-03-02 03:15:00+00:00,1571.37,1571.42,1557.39,1559.42,3357.41728,2021,3,2
2021-03-02 03:20:00+00:00,1559.44,1563.2,1554.0,1554.54,3085.95363,2021,3,2
2021-03-02 03:25:00+00:00,1554.55,1558.3,1550.01,1550.53,4178.28058,2021,3,2
2021-03-02 03:30:00+00:00,1550.52,1557.7,1548.88,1557.57,4925.8884,2021,3,2
2021-03-02 03:35:00+00:00,1557.68,1558.13,1552.7,1554.94,3258.54127,2021,3,2
2021-03-02 03:40:00+00:00,1554.93,1556.9,1548.33,1550.26,2551.55502,2021,3,2
2021-03-02 03:45:00+00:00,1550.08,1556.84,1547.85,1555.67,2348.17141,2021,3,2
2021-03-02 03:50:00+00:00,1555.68,1560.0,1554.39,1558.77,2025.88017,2021,3,2
2021-03-02 03:55:00+00:00,1558.76,1558.88,1554.84,1555.48,1550.77773,2021,3,2
2021-03-02 04:00:00+00:00,1555.7,1566.0,1552.32,1565.0,4849.95916,2021,3,2
2021-03-02 04:05:00+00:00,1565.08,1569.06,1562.06,1563.38,4060.29977,2021,3,2
2021-03-02 04:10:00+00:00,1563.32,1568.54,1561.45,1563.34,3236.08656,2021,3,2
2021-03-02 04:15:00+00:00,1563.64,1564.32,1553.83,1556.72,2938.8951,2021,3,2
2021-03-02 04:20:00+00:00,1556.71,1563.44,1556.71,1557.98,3046.27223,2021,3,2
2021-03-02 04:25:00+00:00,1557.98,1560.83,1555.11,1555.56,2789.39655,2021,3,2
2021-03-02 04:30:00+00:00,1555.84,1560.41,1554.71,1560.36,1635.94624,2021,3,2
2021-03-02 04:35:00+00:00,1560.34,1568.3,1557.8,1567.94,2173.6588,2021,3,2
2021-03-02 04:40:00+00:00,1567.95,1571.44,1564.72,1570.13,2563.12704,2021,3,2
2021-03-02 04:45:00+00:00,1570.01,1571.95,1566.44,1567.95,1616.16183,2021,3,2
2021-03-02 04:50:00+00:00,1567.95,1573.55,1565.98,1573.29,1375.16163,2021,3,2
2021-03-02 04:55:00+00:00,1573.17,1577.71,1571.0,1577.28,2864.85913,2021,3,2
2021-03-02 05:00:00+00:00,1577.5,1578.0,1571.41,1574.78,1906.67564,2021,3,2
2021-03-02 05:05:00+00:00,1574.78,1575.52,1568.28,1571.63,2456.26108,2021,3,2
2021-03-02 05:10:00+00:00,1571.62,1583.26,1571.47,1582.2,2885.02203,2021,3,2
2021-03-02 05:15:00+00:00,1582.23,1582.3,1573.95,1578.81,2652.3385,2021,3,2
2021-03-02 05:20:00+00:00,1578.98,1579.3,1571.54,1572.25,2089.53165,2021,3,2
2021-03-02 05:25:00+00:00,1572.22,1573.66,1566.74,1568.4,2202.94313,2021,3,2
2021-03-02 05:30:00+00:00,1568.4,1571.9,1567.28,1570.33,1853.85692,2021,3,2
2021-03-02 05:35:00+00:00,1570.33,1576.0,1568.78,1569.29,1704.7242,2021,3,2
2021-03-02 05:40:00+00:00,1569.44,1572.32,1568.65,1571.59,1520.87963,2021,3,2
2021-03-02 05:45:00+00:00,1571.51,1571.55,1565.0,1565.0,1536.583,2021,3,2
2021-03-02 05:50:00+00:00,1565.06,1566.0,1557.98,1559.5,3886.0296,2021,3,2
2021-03-02 05:55:00+00:00,1559.51,1560.72,1557.22,1557.26,1818.99766,2021,3,2
2021-03-02 06:00:00+00:00,1557.56,1559.69,1550.08,1550.7,2815.73395,2021,3,2
2021-03-02 06:05:00+00:00,1550.77,1551.23,1542.2,1544.12,6053.83809,2021,3,2
2021-03-02 06:10:00+00:00,1543.97,1550.0,1542.41,1547.54,3038.50701,2021,3,2
2021-03-02 06:15:00+00:00,1547.55,1549.24,1534.43,1536.97,5266.69554,2021,3,2
2021-03-02 06:20:00+00:00,1536.85,1547.38,1536.13,1547.06,3774.17324,2021,3,2
2021-03-02 06:25:00+00:00,1546.99,1550.76,1544.56,1549.26,2488.75099,2021,3,2
2021-03-02 06:30:00+00:00,1549.26,1553.47,1543.9,1544.11,1905.34471,2021,3,2
2021-03-02 06:35:00+00:00,1544.06,1546.62,1540.0,1544.47,2199.15549,2021,3,2
2021-03-02 06:40:00+00:00,1544.47,1552.5,1542.61,1551.76,2386.26313,2021,3,2
2021-03-02 06:45:00+00:00,1551.87,1551.87,1547.07,1548.0,1355.2633,2021,3,2
2021-03-02 06:50:00+00:00,1547.92,1547.97,1540.01,1540.51,2759.87448,2021,3,2
2021-03-02 06:55:00+00:00,1540.51,1546.43,1540.0,1542.66,2200.92862,2021,3,2
2021-03-02 07:00:00+00:00,1542.54,1545.85,1539.01,1545.85,2092.10276,2021,3,2
2021-03-02 07:05:00+00:00,1545.84,1547.25,1540.05,1541.38,2259.6579,2021,3,2
2021-03-02 07:10:00+00:00,1541.48,1542.68,1530.35,1530.75,3115.27613,2021,3,2
2021-03-02 07:15:00+00:00,1531.01,1538.46,1531.01,1536.4,2714.72916,2021,3,2
2021-03-02 07:20:00+00:00,1536.29,1544.56,1533.1,1543.47,1908.44738,2021,3,2
2021-03-02 07:25:00+00:00,1543.48,1544.25,1540.56,1542.15,1454.23361,2021,3,2
2021-03-02 07:30:00+00:00,1542.18,1548.03,1541.02,1547.45,2210.67387,2021,3,2
2021-03-02 07:35:00+00:00,1547.46,1548.12,1545.36,1547.31,1439.79679,2021,3,2
2021-03-02 07:40:00+00:00,1547.3,1548.7,1545.34,1545.35,1368.99751,2021,3,2
2021-03-02 07:45:00+00:00,1545.33,1545.51,1536.91,1538.05,2004.51461,2021,3,2
2021-03-02 07:50:00+00:00,1538.06,1541.0,1536.22,1537.81,1789.18754,2021,3,2
2021-03-02 07:55:00+00:00,1537.91,1541.44,1533.18,1539.03,3961.14752,2021,3,2
2021-03-02 08:00:00+00:00,1538.9,1547.96,1538.23,1545.71,3019.17658,2021,3,2
2021-03-02 08:05:00+00:00,1545.56,1547.58,1541.93,1542.77,1451.08671,2021,3,2
2021-03-02 08:10:00+00:00,1542.84,1548.91,1542.22,1548.69,1810.38074,2021,3,2
2021-03-02 08:15:00+00:00,1548.61,1555.6,1548.27,1553.25,3049.52289,2021,3,2
2021-03-02 08:20:00+00:00,1553.0,1555.5,1551.07,1553.63,1896.74974,2021,3,2
2021-03-02 08:25:00+00:00,1553.42,1561.63,1552.57,1561.3,2842.99503,2021,3,2
2021-03-02 08:30:00+00:00,1561.14,1563.58,1556.88,1559.44,3923.01749,2021,3,2
2021-03-02 08:35:00+00:00,1559.43,1559.44,1554.43,1558.59,2534.4065,2021,3,2
2021-03-02 08:40:00+00:00,1558.6,1560.4,1555.55,1557.95,1712.0516,2021,3,2
2021-03-02 08:45:00+00:00,1558.0,1563.7,1558.0,1563.59,3071.72139,2021,3,2
2021-03-02 08:50:00+00:00,1563.59,1564.08,1555.3,1556.8,2631.57331,2021,3,2
2021-03-02 08:55:00+00:00,1556.8,1559.72,1555.0,1558.24,2379.30126,2021,3,2
2021-03-02 09:00:00+00:00,1558.53,1567.45,1558.38,1566.33,2740.38593,2021,3,2
2021-03-02 09:05:00+00:00,1566.03,1570.76,1564.59,1570.62,3115.35847,2021,3,2
2021-03-02 09:10:00+00:00,1570.62,1570.8,1564.34,1566.21,2517.08049,2021,3,2
2021-03-02 09:15:00+00:00,1566.22,1567.92,1563.31,1565.11,1760.26166,2021,3,2
2021-03-02 09:20:00+00:00,1565.12,1570.22,1565.12,1567.59,1910.0047,2021,3,2
2021-03-02 09:25:00+00:00,1567.59,1569.79,1565.07,1565.26,1658.17845,2021,3,2
2021-03-02 09:30:00+00:00,1565.35,1568.63,1564.0,1564.11,1682.24649,2021,3,2
2021-03-02 09:35:00+00:00,1564.12,1569.78,1564.0,1568.97,1470.23359,2021,3,2
2021-03-02 09:40:00+00:00,1568.9,1571.72,1566.81,1571.62,3281.68369,2021,3,2
2021-03-02 09:45:00+00:00,1571.62,1573.46,1566.44,1567.28,2348.05101,2021,3,2
2021-03-02 09:50:00+00:00,1567.29,1567.97,1566.1,1566.69,1289.38334,2021,3,2
2021-03-02 09:55:00+00:00,1566.82,1567.61,1560.74,1564.18,3333.74332,2021,3,2
2021-03-02 10:00:00+00:00,1564.31,1568.35,1562.66,1567.17,2174.3636,2021,3,2
2021-03-02 10:05:00+00:00,1567.21,1568.7,1561.0,1566.6,1904.05886,2021,3,2
2021-03-02 10:10:00+00:00,1566.75,1567.88,1562.07,1565.37,1573.72159,2021,3,2
2021-03-02 10:15:00+00:00,1565.31,1565.47,1561.86,1562.09,1201.0456,2021,3,2
2021-03-02 10:20:00+00:00,1562.09,1562.32,1558.48,1561.71,2186.96746,2021,3,2
2021-03-02 10:25:00+00:00,1561.83,1564.12,1561.63,1564.12,996.61153,2021,3,2
2021-03-02 10:30:00+00:00,1564.02,1569.87,1563.62,1567.42,1909.65803,2021,3,2
2021-03-02 10:35:00+00:00,1567.42,1570.7,1565.57,1570.37,1784.73303,2021,3,2
2021-03-02 10:40:00+00:00,1570.39,1570.65,1566.89,1567.0,1167.43044,2021,3,2
2021-03-02 10:45:00+00:00,1567.01,1567.22,1560.0,1561.58,1705.6631,2021,3,2
2021-03-02 10:50:00+00:00,1561.57,1561.98,1555.81,1557.48,2832.62985,2021,3,2
2021-03-02 10:55:00+00:00,1557.48,1557.89,1549.3,1555.93,5740.0428,2021,3,2
2021-03-02 11:00:00+00:00,1556.32,1556.55,1548.74,1553.71,3983.60459,2021,3,2
2021-03-02 11:05:00+00:00,1553.9,1557.17,1553.26,1556.2,2090.69377,2021,3,2
2021-03-02 11:10:00+00:00,1556.02,1557.99,1551.79,1557.69,2397.97162,2021,3,2
2021-03-02 11:15:00+00:00,1557.68,1560.0,1555.0,1558.0,2343.2809,2021,3,2
2021-03-02 11:20:00+00:00,1558.0,1558.74,1553.25,1556.62,1922.13943,2021,3,2
2021-03-02 11:25:00+00:00,1556.51,1559.98,1551.0,1559.63,2134.65578,2021,3,2
2021-03-02 11:30:00+00:00,1559.71,1566.15,1559.15,1565.67,2178.63047,2021,3,2
2021-03-02 11:35:00+00:00,1565.67,1571.51,1564.89,1566.24,2813.97166,2021,3,2
2021-03-02 11:40:00+00:00,1566.25,1568.56,1565.08,1568.11,1315.69772,2021,3,2
2021-03-02 11:45:00+00:00,1568.12,1568.49,1565.03,1565.77,1474.63085,2021,3,2
2021-03-02 11:50:00+00:00,1565.77,1570.09,1565.76,1569.8,2331.20553,2021,3,2
2021-03-02 11:55:00+00:00,1569.73,1570.1,1566.24,1567.59,1690.91998,2021,3,2
2021-03-02 12:00:00+00:00,1567.59,1575.97,1562.66,1575.73,3372.70032,2021,3,2
2021-03-02 12:05:00+00:00,1575.64,1579.31,1567.83,1568.24,5438.26336,2021,3,2
2021-03-02 12:10:00+00:00,1568.3,1569.14,1561.37,1568.22,3278.29513,2021,3,2
2021-03-02 12:15:00+00:00,1568.21,1570.26,1561.83,1565.24,2546.7868,2021,3,2
2021-03-02 12:20:00+00:00,1565.23,1565.39,1561.0,1563.08,3352.65802,2021,3,2
2021-03-02 12:25:00+00:00,1563.13,1564.67,1558.1,1558.52,2753.57658,2021,3,2
2021-03-02 12:30:00+00:00,1558.53,1561.5,1554.18,1559.86,4572.66039,2021,3,2
2021-03-02 12:35:00+00:00,1559.71,1562.15,1557.62,1561.59,1454.49837,2021,3,2
2021-03-02 12:40:00+00:00,1561.6,1562.66,1558.76,1559.27,1586.68783,2021,3,2
2021-03-02 12:45:00+00:00,1559.48,1564.0,1557.18,1562.83,1643.20808,2021,3,2
2021-03-02 12:50:00+00:00,1562.71,1562.71,1558.37,1560.66,1658.96778,2021,3,2
2021-03-02 12:55:00+00:00,1560.36,1564.0,1560.0,1563.24,1863.64233,2021,3,2
2021-03-02 13:00:00+00:00,1563.02,1570.0,1561.23,1569.56,1966.10839,2021,3,2
2021-03-02 13:05:00+00:00,1569.71,1571.53,1566.6,1568.28,2438.61038,2021,3,2
2021-03-02 13:10:00+00:00,1568.27,1568.42,1564.04,1564.88,4151.03776,2021,3,2
2021-03-02 13:15:00+00:00,1564.88,1566.88,1564.76,1566.68,2291.8263,2021,3,2
2021-03-02 13:20:00+00:00,1566.68,1572.0,1566.67,1571.23,1951.61834,2021,3,2
2021-03-02 13:25:00+00:00,1571.21,1574.02,1569.71,1573.51,1939.29101,2021,3,2
2021-03-02 13:30:00+00:00,1573.63,1573.88,1568.9,1569.81,3427.58358,2021,3,2
2021-03-02 13:35:00+00:00,1569.82,1570.62,1568.02,1569.53,1954.11428,2021,3,2
2021-03-02 13:40:00+00:00,1569.54,1569.75,1564.79,1567.39,2476.81191,2021,3,2
2021-03-02 13:45:00+00:00,1567.6,1570.99,1563.14,1569.64,2600.6562,2021,3,2
2021-03-02 13:50:00+00:00,1569.64,1573.95,1569.64,1573.94,3292.56955,2021,3,2
2021-03-02 13:55:00+00:00,1573.96,1573.96,1570.58,1573.0,2140.67741,2021,3,2
2021-03-02 14:00:00+00:00,1572.83,1573.48,1568.29,1568.81,2398.54397,2021,3,2
2021-03-02 14:05:00+00:00,1568.78,1580.0,1568.7,1580.0,3660.93302,2021,3,2
2021-03-02 14:10:00+00:00,1579.99,1585.64,1577.69,1580.98,6683.91281,2021,3,2
2021-03-02 14:15:00+00:00,1580.98,1584.44,1580.23,1581.56,6340.41398,2021,3,2
2021-03-02 14:20:00+00:00,1581.56,1592.84,1581.56,1587.85,4504.30008,2021,3,2
2021-03-02 14:25:00+00:00,1587.47,1590.88,1585.66,1588.17,3201.6998,2021,3,2
2021-03-02 14:30:00+00:00,1588.55,1590.47,1587.07,1589.12,3420.28305,2021,3,2
2021-03-02 14:35:00+00:00,1589.21,1589.21,1581.07,1581.57,2627.04206,2021,3,2
2021-03-02 14:40:00+00:00,1581.38,1584.6,1577.41,1580.48,3160.08777,2021,3,2
2021-03-02 14:45:00+00:00,1580.5,1583.06,1571.0,1571.01,3208.64775,2021,3,2
2021-03-02 14:50:00+00:00,1571.0,1575.03,1563.31,1567.98,8509.76676,2021,3,2
2021-03-02 14:55:00+00:00,1567.96,1571.22,1566.73,1568.01,3322.11996,2021,3,2
2021-03-02 15:00:00+00:00,1568.01,1573.63,1568.0,1572.0,2881.44472,2021,3,2
2021-03-02 15:05:00+00:00,1572.01,1572.53,1569.36,1570.37,1803.84006,2021,3,2
2021-03-02 15:10:00+00:00,1570.28,1571.55,1561.01,1562.01,2872.59893,2021,3,2
2021-03-02 15:15:00+00:00,1562.0,1564.5,1556.16,1556.75,3631.36028,2021,3,2
2021-03-02 15:20:00+00:00,1556.85,1559.44,1551.39,1553.75,6100.2852,2021,3,2
2021-03-02 15:25:00+00:00,1553.67,1558.93,1551.23,1553.94,2717.31755,2021,3,2
2021-03-02 15:30:00+00:00,1553.93,1559.09,1551.0,1556.0,3414.69086,2021,3,2
2021-03-02 15:35:00+00:00,1555.99,1557.82,1546.2,1549.18,4500.14763,2021,3,2
2021-03-02 15:40:00+00:00,1549.14,1557.47,1548.19,1555.25,3959.7667,2021,3,2
2021-03-02 15:45:00+00:00,1555.46,1559.0,1552.74,1557.96,3671.96816,2021,3,2
2021-03-02 15:50:00+00:00,1557.96,1557.99,1552.64,1553.68,3265.73899,2021,3,2
2021-03-02 15:55:00+00:00,1553.78,1555.49,1550.0,1553.48,6998.68935,2021,3,2
2021-03-02 16:00:00+00:00,1553.3,1555.35,1541.01,1547.17,10851.36049,2021,3,2
2021-03-02 16:05:00+00:00,1547.16,1551.11,1545.99,1548.04,5402.66113,2021,3,2
2021-03-02 16:10:00+00:00,1548.05,1551.66,1545.0,1548.4,4434.89054,2021,3,2
2021-03-02 16:15:00+00:00,1548.22,1553.06,1546.2,1552.19,4019.89286,2021,3,2
2021-03-02 16:20:00+00:00,1552.2,1555.29,1551.2,1553.84,3199.9276,2021,3,2
2021-03-02 16:25:00+00:00,1553.84,1561.02,1551.96,1559.72,3529.30394,2021,3,2
2021-03-02 16:30:00+00:00,1559.75,1563.94,1555.51,1555.93,6253.566,2021,3,2
2021-03-02 16:35:00+00:00,1555.92,1556.22,1534.17,1536.22,11503.00962,2021,3,2
2021-03-02 16:40:00+00:00,1536.22,1538.79,1514.81,1517.1,24451.89838,2021,3,2
2021-03-02 16:45:00+00:00,1517.16,1523.0,1513.15,1521.33,24561.49759,2021,3,2
2021-03-02 16:50:00+00:00,1521.33,1521.45,1508.77,1512.86,21525.22311,2021,3,2
2021-03-02 16:55:00+00:00,1512.88,1513.79,1485.48,1498.01,32939.85721,2021,3,2
2021-03-02 17:00:00+00:00,1497.59,1501.05,1485.0,1500.22,24198.29324,2021,3,2
2021-03-02 17:05:00+00:00,1500.21,1505.6,1489.99,1494.99,11124.32283,2021,3,2
2021-03-02 17:10:00+00:00,1494.68,1499.47,1483.53,1498.26,8967.62387,2021,3,2
2021-03-02 17:15:00+00:00,1498.24,1508.2,1493.83,1502.37,5704.48135,2021,3,2
2021-03-02 17:20:00+00:00,1502.37,1503.31,1494.31,1498.45,3740.7131,2021,3,2
2021-03-02 17:25:00+00:00,1498.45,1507.61,1497.95,1506.18,4697.90502,2021,3,2
2021-03-02 17:30:00+00:00,1506.39,1507.8,1499.13,1503.81,7764.96702,2021,3,2
2021-03-02 17:35:00+00:00,1503.8,1508.09,1501.91,1501.98,3460.19309,2021,3,2
2021-03-02 17:40:00+00:00,1502.04,1507.46,1500.87,1502.35,3882.5831,2021,3,2
2021-03-02 17:45:00+00:00,1502.78,1505.8,1501.11,1502.69,2371.2558,2021,3,2
2021-03-02 17:50:00+00:00,1502.69,1511.74,1499.85,1510.59,5710.64331,2021,3,2
2021-03-02 17:55:00+00:00,1510.59,1510.92,1502.01,1504.96,6788.6684,2021,3,2
2021-03-02 18:00:00+00:00,1504.96,1508.38,1504.02,1506.05,2940.78254,2021,3,2
2021-03-02 18:05:00+00:00,1506.06,1508.0,1505.3,1506.57,1892.0634,2021,3,2
2021-03-02 18:10:00+00:00,1506.46,1516.22,1505.23,1514.26,5418.1921,2021,3,2
2021-03-02 18:15:00+00:00,1514.11,1514.11,1503.16,1505.39,2840.2335,2021,3,2
2021-03-02 18:20:00+00:00,1505.45,1512.38,1504.59,1508.03,2370.98433,2021,3,2
2021-03-02 18:25:00+00:00,1508.02,1512.08,1507.25,1508.45,1188.60078,2021,3,2
2021-03-02 18:30:00+00:00,1508.45,1511.29,1506.88,1507.02,2278.03145,2021,3,2
2021-03-02 18:35:00+00:00,1507.02,1508.3,1502.38,1504.27,3306.36148,2021,3,2
2021-03-02 18:40:00+00:00,1504.28,1504.28,1497.44,1501.81,3836.07605,2021,3,2
2021-03-02 18:45:00+00:00,1501.81,1506.42,1494.86,1498.84,4016.70618,2021,3,2
2021-03-02 18:50:00+00:00,1498.92,1501.23,1495.66,1499.74,2458.48943,2021,3,2
2021-03-02 18:55:00+00:00,1499.84,1500.0,1492.49,1496.33,5179.80586,2021,3,2
2021-03-02 19:00:00+00:00,1496.25,1500.0,1496.0,1496.0,2945.94455,2021,3,2
2021-03-02 19:05:00+00:00,1496.0,1496.39,1472.67,1472.8,9555.86026,2021,3,2
2021-03-02 19:10:00+00:00,1472.8,1482.53,1472.52,1473.89,5601.72945,2021,3,2
2021-03-02 19:15:00+00:00,1473.77,1484.45,1468.01,1480.9,8363.90964,2021,3,2
2021-03-02 19:20:00+00:00,1480.93,1487.93,1477.91,1486.16,3250.16109,2021,3,2
2021-03-02 19:25:00+00:00,1486.17,1489.65,1483.81,1487.35,2107.82641,2021,3,2
2021-03-02 19:30:00+00:00,1487.36,1498.0,1482.29,1496.34,4820.98273,2021,3,2
2021-03-02 19:35:00+00:00,1496.17,1497.3,1491.43,1492.68,2951.54194,2021,3,2
2021-03-02 19:40:00+00:00,1492.48,1496.62,1491.39,1492.08,1880.86996,2021,3,2
2021-03-02 19:45:00+00:00,1492.13,1495.0,1491.64,1494.33,2206.44682,2021,3,2
2021-03-02 19:50:00+00:00,1494.33,1496.35,1491.87,1495.28,1712.91554,2021,3,2
2021-03-02 19:55:00+00:00,1495.07,1495.33,1476.37,1479.91,5811.2852,2021,3,2
2021-03-02 20:00:00+00:00,1479.8,1480.38,1462.72,1463.33,9748.70054,2021,3,2
2021-03-02 20:05:00+00:00,1463.74,1477.15,1461.71,1476.57,5624.88378,2021,3,2
2021-03-02 20:10:00+00:00,1476.63,1477.18,1463.53,1465.65,3998.95753,2021,3,2
2021-03-02 20:15:00+00:00,1465.65,1472.28,1461.52,1466.91,3757.62496,2021,3,2
2021-03-02 20:20:00+00:00,1466.87,1471.24,1461.55,1463.65,2507.32073,2021,3,2
2021-03-02 20:25:00+00:00,1463.65,1471.0,1461.52,1469.41,3471.84465,2021,3,2
2021-03-02 20:30:00+00:00,1469.41,1474.91,1465.31,1465.67,3641.19067,2021,3,2
2021-03-02 20:35:00+00:00,1465.68,1466.88,1460.0,1462.57,4030.38387,2021,3,2
2021-03-02 20:40:00+00:00,1462.56,1471.26,1461.0,1463.62,4420.02419,2021,3,2
2021-03-02 20:45:00+00:00,1463.43,1469.39,1455.52,1460.14,6810.51635,2021,3,2
2021-03-02 20:50:00+00:00,1460.14,1470.9,1458.33,1464.52,4759.77433,2021,3,2
2021-03-02 20:55:00+00:00,1464.51,1470.67,1462.14,1469.17,3286.65128,2021,3,2
2021-03-02 21:00:00+00:00,1469.21,1471.16,1462.02,1466.08,3149.19631,2021,3,2
2021-03-02 21:05:00+00:00,1466.08,1471.43,1463.0,1471.18,3392.47228,2021,3,2
2021-03-02 21:10:00+00:00,1470.96,1474.02,1466.9,1470.98,3335.63642,2021,3,2
2021-03-02 21:15:00+00:00,1471.27,1478.11,1470.32,1476.89,4547.61888,2021,3,2
2021-03-02 21:20:00+00:00,1476.87,1476.99,1473.12,1474.23,4543.38477,2021,3,2
2021-03-02 21:25:00+00:00,1474.01,1474.6,1465.42,1467.36,4461.73771,2021,3,2
2021-03-02 21:30:00+00:00,1467.36,1467.37,1458.68,1459.38,3907.85985,2021,3,2
2021-03-02 21:35:00+00:00,1459.34,1461.97,1456.28,1460.37,3212.11738,2021,3,2
2021-03-02 21:40:00+00:00,1460.58,1470.33,1459.11,1460.68,3219.07988,2021,3,2
2021-03-02 21:45:00+00:00,1460.67,1470.82,1458.04,1469.04,3340.95706,2021,3,2
2021-03-02 21:50:00+00:00,1469.24,1473.0,1465.27,1472.58,2147.53735,2021,3,2
2021-03-02 21:55:00+00:00,1472.57,1473.0,1466.47,1466.58,1107.0472,2021,3,2
2021-03-02 22:00:00+00:00,1466.58,1466.98,1464.28,1466.22,1059.13199,2021,3,2
2021-03-02 22:05:00+00:00,1466.22,1475.0,1466.12,1471.8,1768.69823,2021,3,2
2021-03-02 22:10:00+00:00,1471.8,1477.93,1471.66,1477.57,989.87416,2021,3,2
2021-03-02 22:15:00+00:00,1477.56,1477.63,1473.89,1473.99,2656.84574,2021,3,2
2021-03-02 22:20:00+00:00,1473.99,1484.21,1473.91,1483.71,1922.07514,2021,3,2
2021-03-02 22:25:00+00:00,1483.69,1483.82,1474.18,1474.88,1705.70959,2021,3,2
2021-03-02 22:30:00+00:00,1474.74,1480.0,1474.58,1478.01,771.0061,2021,3,2
2021-03-02 22:35:00+00:00,1478.0,1478.51,1476.78,1476.81,1154.77805,2021,3,2
2021-03-02 22:40:00+00:00,1476.8,1486.32,1476.28,1482.26,2220.72495,2021,3,2
2021-03-02 22:45:00+00:00,1482.29,1486.32,1480.69,1484.19,3160.41032,2021,3,2
2021-03-02 22:50:00+00:00,1484.17,1485.0,1481.55,1481.56,2189.64237,2021,3,2
2021-03-02 22:55:00+00:00,1481.56,1483.77,1479.1,1480.07,2519.85338,2021,3,2
2021-03-02 23:00:00+00:00,1480.08,1484.61,1477.14,1483.19,1829.35454,2021,3,2
2021-03-02 23:05:00+00:00,1483.25,1492.55,1478.18,1491.78,4670.32631,2021,3,2
2021-03-02 23:10:00+00:00,1491.75,1493.79,1486.56,1489.55,4463.35629,2021,3,2
2021-03-02 23:15:00+00:00,1489.6,1492.24,1488.55,1488.71,2455.02099,2021,3,2
2021-03-02 23:20:00+00:00,1488.77,1491.52,1487.8,1489.15,2004.52885,2021,3,2
2021-03-02 23:25:00+00:00,1489.23,1489.25,1483.0,1483.11,4167.34538,2021,3,2
2021-03-02 23:30:00+00:00,1483.12,1486.82,1482.29,1485.81,4130.2343,2021,3,2
2021-03-02 23:35:00+00:00,1485.8,1492.0,1483.0,1491.41,4537.63743,2021,3,2
2021-03-02 23:40:00+00:00,1491.37,1492.89,1485.75,1486.22,4471.24515,2021,3,2
2021-03-02 23:45:00+00:00,1486.22,1490.98,1483.0,1486.3,5628.30949,2021,3,2
2021-03-02 23:50:00+00:00,1486.25,1489.99,1485.55,1488.38,1565.10695,2021,3,2
2021-03-02 23:55:00+00:00,1488.42,1492.2,1485.31,1486.78,3682.76866,2021,3,2
2021-03-03 00:00:00+00:00,1486.79,1488.02,1480.53,1482.2,4223.65007,2021,3,3
2021-03-03 00:05:00+00:00,1482.2,1482.8,1475.47,1478.77,3209.95959,2021,3,3
2021-03-03 00:10:00+00:00,1479.05,1491.48,1478.82,1490.68,1758.01958,2021,3,3
2021-03-03 00:15:00+00:00,1490.81,1500.5,1490.68,1500.19,2969.94257,2021,3,3
2021-03-03 00:20:00+00:00,1500.3,1505.17,1496.6,1504.41,3731.69733,2021,3,3
2021-03-03 00:25:00+00:00,1504.49,1505.87,1501.79,1503.7,3598.9514,2021,3,3
2021-03-03 00:30:00+00:00,1503.66,1504.79,1497.42,1498.03,3539.48373,2021,3,3
2021-03-03 00:35:00+00:00,1498.04,1500.84,1493.48,1493.95,3370.11885,2021,3,3
2021-03-03 00:40:00+00:00,1493.95,1497.8,1492.8,1495.97,2281.95275,2021,3,3
2021-03-03 00:45:00+00:00,1495.97,1501.18,1495.64,1499.5,1997.89903,2021,3,3
2021-03-03 00:50:00+00:00,1499.48,1502.53,1498.46,1501.56,1238.67018,2021,3,3
2021-03-03 00:55:00+00:00,1501.57,1502.08,1498.31,1500.78,1243.71217,2021,3,3
2021-03-03 01:00:00+00:00,1500.7,1502.01,1497.97,1499.04,2102.73978,2021,3,3
2021-03-03 01:05:00+00:00,1499.03,1508.58,1497.87,1507.13,3333.19329,2021,3,3
2021-03-03 01:10:00+00:00,1507.13,1509.28,1505.5,1506.39,2202.73279,2021,3,3
2021-03-03 01:15:00+00:00,1506.51,1510.61,1506.41,1508.57,1888.01525,2021,3,3
2021-03-03 01:20:00+00:00,1508.62,1515.0,1508.09,1514.99,1659.37041,2021,3,3
2021-03-03 01:25:00+00:00,1515.0,1517.0,1508.88,1509.04,3643.19208,2021,3,3
2021-03-03 01:30:00+00:00,1509.26,1511.05,1506.77,1507.37,1561.60692,2021,3,3
2021-03-03 01:35:00+00:00,1507.37,1508.9,1506.5,1508.12,1405.66356,2021,3,3
2021-03-03 01:40:00+00:00,1508.09,1510.64,1507.39,1510.0,945.47415,2021,3,3
2021-03-03 01:45:00+00:00,1510.0,1514.0,1508.91,1513.98,2348.03407,2021,3,3
2021-03-03 01:50:00+00:00,1513.97,1518.54,1513.33,1518.49,1610.12368,2021,3,3
2021-03-03 01:55:00+00:00,1518.48,1524.79,1514.21,1524.27,6246.71194,2021,3,3
2021-03-03 02:00:00+00:00,1524.31,1524.81,1518.53,1519.46,3687.7111,2021,3,3
2021-03-03 02:05:00+00:00,1519.46,1519.85,1515.64,1516.32,2206.09146,2021,3,3
2021-03-03 02:10:00+00:00,1516.46,1526.54,1516.0,1523.96,3280.17812,2021,3,3
2021-03-03 02:15:00+00:00,1523.96,1523.96,1514.28,1515.0,3623.56517,2021,3,3
2021-03-03 02:20:00+00:00,1515.01,1517.68,1514.3,1515.85,1345.1896,2021,3,3
2021-03-03 02:25:00+00:00,1515.65,1517.47,1512.06,1516.66,1845.25009,2021,3,3
2021-03-03 02:30:00+00:00,1516.67,1517.19,1514.05,1516.53,1379.38296,2021,3,3
2021-03-03 02:35:00+00:00,1516.51,1520.0,1515.45,1520.0,1303.96042,2021,3,3
2021-03-03 02:40:00+00:00,1519.99,1526.86,1519.38,1526.51,1807.42961,2021,3,3
2021-03-03 02:45:00+00:00,1526.55,1526.69,1516.34,1516.96,1696.50749,2021,3,3
2021-03-03 02:50:00+00:00,1516.98,1519.03,1513.7,1517.44,1931.99618,2021,3,3
2021-03-03 02:55:00+00:00,1517.36,1521.45,1516.85,1517.1,1352.07278,2021,3,3
2021-03-03 03:00:00+00:00,1517.08,1525.34,1516.95,1521.96,1804.21799,2021,3,3
2021-03-03 03:05:00+00:00,1521.98,1521.98,1516.52,1519.77,1122.72324,2021,3,3
2021-03-03 03:10:00+00:00,1519.78,1523.9,1519.75,1522.13,1142.5375,2021,3,3
2021-03-03 03:15:00+00:00,1522.13,1524.49,1519.07,1521.22,1467.27467,2021,3,3
2021-03-03 03:20:00+00:00,1521.23,1522.2,1515.62,1517.6,1945.57163,2021,3,3
2021-03-03 03:25:00+00:00,1517.84,1520.16,1516.5,1518.23,1517.54223,2021,3,3
2021-03-03 03:30:00+00:00,1518.23,1518.83,1516.6,1518.79,855.22949,2021,3,3
2021-03-03 03:35:00+00:00,1518.79,1521.95,1515.78,1516.99,1744.51314,2021,3,3
2021-03-03 03:40:00+00:00,1517.0,1523.0,1517.0,1517.06,1954.35904,2021,3,3
2021-03-03 03:45:00+00:00,1517.0,1517.74,1514.4,1517.34,1639.99059,2021,3,3
2021-03-03 03:50:00+00:00,1517.34,1520.38,1516.45,1518.95,1830.47794,2021,3,3
2021-03-03 03:55:00+00:00,1518.95,1523.0,1518.46,1522.67,2402.48133,2021,3,3
2021-03-03 04:00:00+00:00,1522.68,1533.63,1521.24,1533.63,3610.41355,2021,3,3
2021-03-03 04:05:00+00:00,1533.63,1539.71,1530.83,1537.68,2981.64135,2021,3,3
2021-03-03 04:10:00+00:00,1537.67,1548.12,1536.58,1547.6,8015.14975,2021,3,3
2021-03-03 04:15:00+00:00,1547.58,1547.6,1540.04,1543.33,2662.15215,2021,3,3
2021-03-03 04:20:00+00:00,1543.33,1546.86,1540.83,1541.8,2001.18575,2021,3,3
2021-03-03 04:25:00+00:00,1541.9,1542.69,1536.39,1537.82,1300.24208,2021,3,3
2021-03-03 04:30:00+00:00,1537.71,1539.91,1536.38,1537.26,1363.11543,2021,3,3
2021-03-03 04:35:00+00:00,1537.12,1539.76,1537.0,1539.76,1245.64322,2021,3,3
2021-03-03 04:40:00+00:00,1539.75,1541.5,1538.72,1540.12,1767.22293,2021,3,3
2021-03-03 04:45:00+00:00,1540.12,1545.7,1540.12,1543.0,2832.23422,2021,3,3
2021-03-03 04:50:00+00:00,1543.33,1547.33,1542.71,1545.07,3747.46353,2021,3,3
2021-03-03 04:55:00+00:00,1545.07,1546.55,1539.12,1540.46,1832.12899,2021,3,3
2021-03-03 05:00:00+00:00,1540.46,1544.79,1540.3,1542.27,1559.7973,2021,3,3
2021-03-03 05:05:00+00:00,1542.26,1546.6,1542.18,1544.27,1473.87426,2021,3,3
2021-03-03 05:10:00+00:00,1544.27,1549.59,1544.22,1547.52,1719.36452,2021,3,3
2021-03-03 05:15:00+00:00,1547.52,1548.68,1540.05,1543.23,2156.10228,2021,3,3
2021-03-03 05:20:00+00:00,1543.09,1546.88,1542.55,1544.8,1485.87346,2021,3,3
2021-03-03 05:25:00+00:00,1544.91,1550.0,1543.33,1549.53,2241.11695,2021,3,3
2021-03-03 05:30:00+00:00,1549.53,1553.71,1542.7,1543.18,3779.59707,2021,3,3
2021-03-03 05:35:00+00:00,1543.18,1545.6,1540.58,1542.04,1744.46034,2021,3,3
2021-03-03 05:40:00+00:00,1542.11,1544.33,1539.01,1539.01,1485.6136,2021,3,3
2021-03-03 05:45:00+00:00,1539.04,1543.05,1537.38,1537.98,2401.54049,2021,3,3
2021-03-03 05:50:00+00:00,1537.76,1541.49,1537.48,1540.94,1604.53688,2021,3,3
2021-03-03 05:55:00+00:00,1541.13,1545.24,1540.8,1544.84,1376.70364,2021,3,3
2021-03-03 06:00:00+00:00,1544.84,1554.65,1544.78,1553.48,3364.3841,2021,3,3
2021-03-03 06:05:00+00:00,1553.49,1558.0,1552.85,1557.92,2667.02404,2021,3,3
2021-03-03 06:10:00+00:00,1557.93,1559.0,1555.73,1558.81,2391.33776,2021,3,3
2021-03-03 06:15:00+00:00,1558.81,1559.35,1554.71,1555.31,2511.59853,2021,3,3
2021-03-03 06:20:00+00:00,1555.04,1555.17,1551.69,1553.28,2234.36648,2021,3,3
2021-03-03 06:25:00+00:00,1552.82,1556.63,1552.0,1553.98,1847.21431,2021,3,3
2021-03-03 06:30:00+00:00,1553.99,1557.93,1553.99,1556.99,1517.8389,2021,3,3
2021-03-03 06:35:00+00:00,1557.07,1560.81,1554.0,1554.16,2848.4117,2021,3,3
2021-03-03 06:40:00+00:00,1554.15,1560.41,1553.19,1559.4,3750.00948,2021,3,3
2021-03-03 06:45:00+00:00,1559.56,1564.26,1559.0,1560.65,3594.64493,2021,3,3
2021-03-03 06:50:00+00:00,1560.64,1561.02,1558.44,1559.9,2120.37013,2021,3,3
2021-03-03 06:55:00+00:00,1559.72,1565.0,1559.56,1563.97,2644.00764,2021,3,3
2021-03-03 07:00:00+00:00,1563.69,1572.54,1563.69,1567.8,6159.015,2021,3,3
2021-03-03 07:05:00+00:00,1567.81,1570.23,1564.42,1565.62,4277.42766,2021,3,3
2021-03-03 07:10:00+00:00,1565.51,1567.0,1559.93,1559.99,1664.33933,2021,3,3
2021-03-03 07:15:00+00:00,1559.99,1571.1,1559.14,1569.27,3736.79276,2021,3,3
2021-03-03 07:20:00+00:00,1569.27,1572.35,1566.21,1566.7,2690.76954,2021,3,3
2021-03-03 07:25:00+00:00,1566.69,1569.68,1563.49,1567.62,2542.01589,2021,3,3
2021-03-03 07:30:00+00:00,1567.62,1571.06,1565.52,1566.61,4364.12091,2021,3,3
2021-03-03 07:35:00+00:00,1566.61,1571.24,1566.55,1569.54,2544.23813,2021,3,3
2021-03-03 07:40:00+00:00,1569.54,1575.57,1569.53,1573.37,3598.00603,2021,3,3
2021-03-03 07:45:00+00:00,1573.35,1574.28,1571.45,1574.2,2482.00068,2021,3,3
2021-03-03 07:50:00+00:00,1574.15,1576.2,1566.45,1567.48,3587.62092,2021,3,3
2021-03-03 07:55:00+00:00,1567.48,1568.82,1563.32,1566.35,5499.69998,2021,3,3
2021-03-03 08:00:00+00:00,1566.35,1574.98,1566.35,1573.57,4863.90382,2021,3,3
2021-03-03 08:05:00+00:00,1573.58,1579.9,1571.52,1577.11,4389.15081,2021,3,3
2021-03-03 08:10:00+00:00,1577.11,1579.95,1572.22,1579.81,3458.47586,2021,3,3
2021-03-03 08:15:00+00:00,1579.81,1590.0,1574.95,1588.72,7115.13118,2021,3,3
2021-03-03 08:20:00+00:00,1588.72,1598.0,1585.62,1593.2,8847.15848,2021,3,3
2021-03-03 08:25:00+00:00,1593.23,1594.29,1589.74,1591.4,4137.61943,2021,3,3
2021-03-03 08:30:00+00:00,1591.4,1594.87,1586.52,1588.71,5057.71231,2021,3,3
2021-03-03 08:35:00+00:00,1588.71,1592.13,1586.11,1591.66,3045.88539,2021,3,3
2021-03-03 08:40:00+00:00,1591.73,1592.34,1588.92,1591.42,2810.41862,2021,3,3
2021-03-03 08:45:00+00:00,1591.42,1591.78,1582.34,1582.92,5535.69176,2021,3,3
2021-03-03 08:50:00+00:00,1582.93,1592.01,1582.34,1591.47,5419.82855,2021,3,3
2021-03-03 08:55:00+00:00,1591.48,1594.33,1589.8,1592.52,3421.72078,2021,3,3
2021-03-03 09:00:00+00:00,1592.19,1598.25,1588.23,1590.34,6531.38148,2021,3,3
2021-03-03 09:05:00+00:00,1590.34,1593.31,1586.9,1592.0,4448.84531,2021,3,3
2021-03-03 09:10:00+00:00,1592.0,1594.0,1590.16,1593.45,2467.42912,2021,3,3
2021-03-03 09:15:00+00:00,1593.46,1593.83,1590.13,1592.99,2482.19567,2021,3,3
2021-03-03 09:20:00+00:00,1593.0,1603.71,1592.92,1601.77,9722.25102,2021,3,3
2021-03-03 09:25:00+00:00,1601.65,1611.99,1601.65,1611.64,9823.60709,2021,3,3
2021-03-03 09:30:00+00:00,1611.73,1614.78,1602.42,1607.63,7230.92351,2021,3,3
2021-03-03 09:35:00+00:00,1607.62,1607.96,1601.11,1604.36,4005.65057,2021,3,3
2021-03-03 09:40:00+00:00,1604.37,1610.0,1603.96,1609.97,2756.55678,2021,3,3
2021-03-03 09:45:00+00:00,1609.98,1610.35,1602.42,1603.36,2721.76085,2021,3,3
2021-03-03 09:50:00+00:00,1603.36,1605.95,1601.0,1602.46,4471.58997,2021,3,3
2021-03-03 09:55:00+00:00,1602.25,1610.03,1601.0,1608.33,3793.75835,2021,3,3
2021-03-03 10:00:00+00:00,1608.28,1612.97,1603.08,1604.16,3499.79467,2021,3,3
2021-03-03 10:05:00+00:00,1604.15,1612.0,1604.0,1609.06,3547.83887,2021,3,3
2021-03-03 10:10:00+00:00,1609.22,1609.64,1605.6,1607.08,2611.36301,2021,3,3
2021-03-03 10:15:00+00:00,1607.06,1610.0,1602.47,1602.64,4546.05017,2021,3,3
2021-03-03 10:20:00+00:00,1602.63,1602.63,1591.1,1593.61,7467.95864,2021,3,3
2021-03-03 10:25:00+00:00,1593.65,1603.69,1593.63,1602.24,3824.61042,2021,3,3
2021-03-03 10:30:00+00:00,1602.24,1612.57,1602.24,1611.42,7278.51589,2021,3,3
2021-03-03 10:35:00+00:00,1611.42,1612.28,1603.6,1606.78,4193.36182,2021,3,3
2021-03-03 10:40:00+00:00,1606.77,1606.77,1596.92,1598.42,4445.3064,2021,3,3
2021-03-03 10:45:00+00:00,1598.24,1607.43,1597.44,1607.1,2441.83499,2021,3,3
2021-03-03 10:50:00+00:00,1607.11,1610.0,1601.15,1604.88,5043.1137,2021,3,3
2021-03-03 10:55:00+00:00,1605.1,1605.93,1601.77,1602.2,1981.87929,2021,3,3
2021-03-03 11:00:00+00:00,1602.2,1609.24,1602.2,1608.06,3473.54931,2021,3,3
2021-03-03 11:05:00+00:00,1608.07,1609.44,1604.0,1605.13,4992.24346,2021,3,3
2021-03-03 11:10:00+00:00,1605.13,1610.5,1603.46,1609.05,5145.18738,2021,3,3
2021-03-03 11:15:00+00:00,1609.05,1609.92,1600.9,1601.71,3102.95497,2021,3,3
2021-03-03 11:20:00+00:00,1601.7,1609.08,1601.02,1606.19,2559.16123,2021,3,3
2021-03-03 11:25:00+00:00,1606.18,1608.32,1603.32,1607.29,2452.09866,2021,3,3
2021-03-03 11:30:00+00:00,1607.4,1608.24,1599.15,1600.44,4115.21537,2021,3,3
2021-03-03 11:35:00+00:00,1600.03,1602.41,1593.99,1597.23,3605.46583,2021,3,3
2021-03-03 11:40:00+00:00,1597.42,1598.0,1588.32,1593.24,8294.16911,2021,3,3
2021-03-03 11:45:00+00:00,1593.06,1599.0,1593.05,1598.19,3052.57952,2021,3,3
2021-03-03 11:50:00+00:00,1598.18,1603.85,1597.4,1601.91,3452.71354,2021,3,3
2021-03-03 11:55:00+00:00,1601.92,1608.43,1601.33,1607.24,3944.48522,2021,3,3
2021-03-03 12:00:00+00:00,1607.28,1608.19,1604.01,1605.82,2811.18216,2021,3,3
2021-03-03 12:05:00+00:00,1605.83,1607.81,1605.14,1606.51,2357.98866,2021,3,3
2021-03-03 12:10:00+00:00,1606.5,1607.67,1599.78,1600.36,2907.90178,2021,3,3
2021-03-03 12:15:00+00:00,1600.36,1605.0,1599.79,1604.8,2427.03284,2021,3,3
2021-03-03 12:20:00+00:00,1604.8,1606.38,1600.94,1606.25,4877.11646,2021,3,3
2021-03-03 12:25:00+00:00,1606.24,1608.78,1600.62,1605.58,3389.63298,2021,3,3
2021-03-03 12:30:00+00:00,1605.57,1619.61,1605.36,1618.52,8407.38442,2021,3,3
2021-03-03 12:35:00+00:00,1618.45,1642.0,1618.04,1641.09,18011.35897,2021,3,3
2021-03-03 12:40:00+00:00,1641.09,1649.0,1638.9,1647.62,10901.13439,2021,3,3
2021-03-03 12:45:00+00:00,1647.61,1656.94,1644.98,1645.95,18219.39128,2021,3,3
2021-03-03 12:50:00+00:00,1645.95,1648.55,1641.84,1646.58,5937.76907,2021,3,3
2021-03-03 12:55:00+00:00,1646.58,1654.11,1645.26,1650.1,7810.85219,2021,3,3
2021-03-03 13:00:00+00:00,1650.04,1652.68,1639.62,1640.84,5842.9389,2021,3,3
2021-03-03 13:05:00+00:00,1640.89,1644.59,1632.64,1636.15,7965.92976,2021,3,3
2021-03-03 13:10:00+00:00,1636.15,1636.53,1624.0,1631.0,8179.51775,2021,3,3
2021-03-03 13:15:00+00:00,1630.88,1631.25,1618.0,1618.0,9156.86702,2021,3,3
2021-03-03 13:20:00+00:00,1618.0,1623.18,1617.0,1622.68,6478.35934,2021,3,3
2021-03-03 13:25:00+00:00,1622.49,1622.49,1618.52,1621.88,2850.88195,2021,3,3
2021-03-03 13:30:00+00:00,1621.88,1630.77,1616.0,1616.0,7570.11987,2021,3,3
2021-03-03 13:35:00+00:00,1616.0,1619.49,1611.01,1612.72,8304.36535,2021,3,3
2021-03-03 13:40:00+00:00,1612.65,1613.35,1603.0,1605.32,9679.69832,2021,3,3
2021-03-03 13:45:00+00:00,1605.34,1613.49,1603.9,1604.9,7231.16672,2021,3,3
2021-03-03 13:50:00+00:00,1604.91,1609.83,1604.42,1608.48,5409.13898,2021,3,3
2021-03-03 13:55:00+00:00,1608.48,1613.08,1608.26,1613.0,3724.33395,2021,3,3
2021-03-03 14:00:00+00:00,1612.92,1613.01,1603.0,1604.66,4649.31078,2021,3,3
2021-03-03 14:05:00+00:00,1604.48,1604.8,1595.0,1599.16,9655.43412,2021,3,3
2021-03-03 14:10:00+00:00,1599.58,1600.75,1585.67,1588.62,7675.94053,2021,3,3
2021-03-03 14:15:00+00:00,1588.62,1592.85,1582.62,1588.53,8320.71455,2021,3,3
2021-03-03 14:20:00+00:00,1588.54,1593.58,1585.78,1592.14,5630.11275,2021,3,3
2021-03-03 14:25:00+00:00,1592.13,1596.0,1587.41,1590.96,5461.74186,2021,3,3
2021-03-03 14:30:00+00:00,1590.7,1604.2,1590.59,1597.63,5725.48982,2021,3,3
2021-03-03 14:35:00+00:00,1597.63,1600.91,1592.95,1596.94,5797.97597,2021,3,3
2021-03-03 14:40:00+00:00,1597.02,1597.23,1586.73,1587.74,7308.48135,2021,3,3
2021-03-03 14:45:00+00:00,1587.84,1598.07,1585.48,1595.6,4572.14859,2021,3,3
2021-03-03 14:50:00+00:00,1595.59,1598.36,1591.66,1595.07,2512.86317,2021,3,3
2021-03-03 14:55:00+00:00,1595.07,1597.51,1588.37,1590.24,2865.37524,2021,3,3
2021-03-03 15:00:00+00:00,1590.25,1599.13,1589.63,1598.63,3971.09859,2021,3,3
2021-03-03 15:05:00+00:00,1598.62,1604.3,1596.2,1596.2,3619.4869,2021,3,3
2021-03-03 15:10:00+00:00,1596.2,1596.34,1589.0,1589.6,3754.45548,2021,3,3
2021-03-03 15:15:00+00:00,1589.76,1594.96,1589.0,1592.28,2610.28787,2021,3,3
2021-03-03 15:20:00+00:00,1592.28,1595.97,1590.06,1594.1,3304.70161,2021,3,3
2021-03-03 15:25:00+00:00,1594.0,1595.0,1592.0,1593.62,2901.95592,2021,3,3
2021-03-03 15:30:00+00:00,1593.61,1593.76,1589.11,1592.94,2323.71616,2021,3,3
2021-03-03 15:35:00+00:00,1592.61,1593.49,1591.07,1593.09,1734.37191,2021,3,3
2021-03-03 15:40:00+00:00,1593.03,1596.55,1587.45,1587.45,6206.18354,2021,3,3
2021-03-03 15:45:00+00:00,1587.44,1593.0,1586.5,1587.39,2940.35941,2021,3,3
2021-03-03 15:50:00+00:00,1587.36,1593.0,1587.05,1593.0,1503.50546,2021,3,3
2021-03-03 15:55:00+00:00,1592.99,1601.99,1590.26,1600.57,2933.61014,2021,3,3
2021-03-03 16:00:00+00:00,1600.58,1615.28,1600.0,1613.31,7697.36448,2021,3,3
2021-03-03 16:05:00+00:00,1613.38,1620.0,1609.47,1609.98,4758.75227,2021,3,3
2021-03-03 16:10:00+00:00,1610.0,1612.96,1605.22,1612.96,3810.50687,2021,3,3
2021-03-03 16:15:00+00:00,1612.95,1613.0,1601.46,1603.73,5644.81347,2021,3,3
2021-03-03 16:20:00+00:00,1603.72,1610.76,1601.11,1609.93,3404.59251,2021,3,3
2021-03-03 16:25:00+00:00,1609.93,1616.98,1607.0,1616.67,4913.67698,2021,3,3
2021-03-03 16:30:00+00:00,1616.82,1617.21,1610.35,1610.86,3705.0516,2021,3,3
2021-03-03 16:35:00+00:00,1610.86,1612.3,1602.2,1611.82,4875.65413,2021,3,3
2021-03-03 16:40:00+00:00,1611.6,1612.15,1606.0,1607.12,2950.94659,2021,3,3
2021-03-03 16:45:00+00:00,1607.13,1614.74,1607.13,1611.66,2760.08363,2021,3,3
2021-03-03 16:50:00+00:00,1611.51,1616.51,1611.51,1611.52,1949.59861,2021,3,3
2021-03-03 16:55:00+00:00,1611.53,1615.0,1610.83,1611.62,2216.11919,2021,3,3
2021-03-03 17:00:00+00:00,1611.62,1624.14,1611.57,1621.62,4758.98504,2021,3,3
2021-03-03 17:05:00+00:00,1621.61,1629.06,1616.74,1622.51,3772.61785,2021,3,3
2021-03-03 17:10:00+00:00,1622.5,1631.06,1622.36,1629.63,6741.87042,2021,3,3
2021-03-03 17:15:00+00:00,1629.63,1630.55,1624.38,1628.28,4138.35306,2021,3,3
2021-03-03 17:20:00+00:00,1628.19,1635.96,1625.79,1633.23,7411.49808,2021,3,3
2021-03-03 17:25:00+00:00,1633.23,1634.04,1627.69,1628.77,3698.15264,2021,3,3
2021-03-03 17:30:00+00:00,1628.78,1629.7,1610.8,1612.61,6319.11742,2021,3,3
2021-03-03 17:35:00+00:00,1612.46,1618.0,1608.54,1616.56,3930.01397,2021,3,3
2021-03-03 17:40:00+00:00,1616.3,1621.0,1614.26,1620.68,2301.81517,2021,3,3
2021-03-03 17:45:00+00:00,1620.67,1628.2,1615.72,1627.66,2809.67001,2021,3,3
2021-03-03 17:50:00+00:00,1627.66,1629.42,1624.62,1625.98,2839.93156,2021,3,3
2021-03-03 17:55:00+00:00,1626.02,1627.03,1622.22,1625.0,2349.64192,2021,3,3
2021-03-03 18:00:00+00:00,1624.88,1630.0,1623.5,1628.83,2968.66362,2021,3,3
2021-03-03 18:05:00+00:00,1628.82,1634.17,1626.38,1628.18,4632.15184,2021,3,3
2021-03-03 18:10:00+00:00,1628.23,1629.97,1624.82,1629.06,2285.40178,2021,3,3
2021-03-03 18:15:00+00:00,1629.05,1633.07,1628.38,1628.52,2611.21411,2021,3,3
2021-03-03 18:20:00+00:00,1628.61,1633.91,1626.0,1627.01,3210.674,2021,3,3
2021-03-03 18:25:00+00:00,1626.8,1629.25,1624.15,1625.42,1843.07632,2021,3,3
2021-03-03 18:30:00+00:00,1625.43,1626.37,1620.71,1623.84,2618.4806,2021,3,3
2021-03-03 18:35:00+00:00,1623.84,1628.54,1620.4,1620.88,3163.50509,2021,3,3
2021-03-03 18:40:00+00:00,1620.88,1623.81,1617.0,1621.83,3136.31354,2021,3,3
2021-03-03 18:45:00+00:00,1621.59,1623.3,1611.23,1613.82,2704.56959,2021,3,3
2021-03-03 18:50:00+00:00,1613.81,1617.5,1612.93,1616.15,1683.20131,2021,3,3
2021-03-03 18:55:00+00:00,1616.42,1619.87,1616.34,1619.25,1454.76164,2021,3,3
2021-03-03 19:00:00+00:00,1619.46,1621.89,1614.99,1619.03,3991.8556,2021,3,3
2021-03-03 19:05:00+00:00,1619.01,1619.03,1599.13,1599.88,6477.98423,2021,3,3
2021-03-03 19:10:00+00:00,1599.87,1603.68,1593.97,1599.65,5443.46517,2021,3,3
2021-03-03 19:15:00+00:00,1599.63,1599.63,1587.0,1591.7,5691.17039,2021,3,3
2021-03-03 19:20:00+00:00,1591.7,1595.22,1590.0,1592.21,3891.72455,2021,3,3
2021-03-03 19:25:00+00:00,1592.2,1596.57,1589.56,1592.81,4460.45757,2021,3,3
2021-03-03 19:30:00+00:00,1592.85,1593.39,1589.4,1592.05,3157.22311,2021,3,3
2021-03-03 19:35:00+00:00,1592.06,1601.4,1592.05,1596.74,5282.1051,2021,3,3
2021-03-03 19:40:00+00:00,1597.04,1605.42,1595.71,1603.31,3051.18086,2021,3,3
2021-03-03 19:45:00+00:00,1603.32,1610.0,1603.32,1608.5,2591.16198,2021,3,3
2021-03-03 19:50:00+00:00,1608.5,1615.0,1607.65,1609.41,2549.42008,2021,3,3
2021-03-03 19:55:00+00:00,1609.41,1610.82,1602.53,1605.93,1872.05608,2021,3,3
2021-03-03 20:00:00+00:00,1605.93,1610.65,1600.0,1610.65,3146.41336,2021,3,3
2021-03-03 20:05:00+00:00,1610.59,1613.44,1603.58,1605.49,1883.69989,2021,3,3
2021-03-03 20:10:00+00:00,1605.46,1609.25,1601.05,1601.29,3094.7586,2021,3,3
2021-03-03 20:15:00+00:00,1601.29,1604.83,1600.39,1603.99,3003.98222,2021,3,3
2021-03-03 20:20:00+00:00,1603.99,1604.55,1598.0,1599.24,2663.45839,2021,3,3
2021-03-03 20:25:00+00:00,1599.18,1599.46,1592.03,1592.29,5281.43885,2021,3,3
2021-03-03 20:30:00+00:00,1592.28,1598.49,1592.28,1596.77,3124.3709,2021,3,3
2021-03-03 20:35:00+00:00,1596.72,1602.05,1595.64,1600.23,1993.95463,2021,3,3
2021-03-03 20:40:00+00:00,1600.23,1600.54,1591.35,1592.23,1722.38059,2021,3,3
2021-03-03 20:45:00+00:00,1592.23,1598.57,1587.0,1587.02,3029.20747,2021,3,3
2021-03-03 20:50:00+00:00,1587.09,1587.1,1574.38,1577.99,8861.30654,2021,3,3
2021-03-03 20:55:00+00:00,1577.92,1581.42,1575.22,1577.27,8763.91684,2021,3,3
2021-03-03 21:00:00+00:00,1577.23,1582.84,1573.78,1578.43,6867.06747,2021,3,3
2021-03-03 21:05:00+00:00,1578.43,1582.81,1574.35,1574.35,3312.14963,2021,3,3
2021-03-03 21:10:00+00:00,1574.61,1574.62,1564.58,1572.49,6663.84342,2021,3,3
2021-03-03 21:15:00+00:00,1572.5,1577.77,1568.86,1576.64,2685.1621,2021,3,3
2021-03-03 21:20:00+00:00,1576.49,1582.65,1575.44,1582.28,2390.22444,2021,3,3
2021-03-03 21:25:00+00:00,1582.44,1589.2,1581.0,1589.2,2045.80416,2021,3,3
2021-03-03 21:30:00+00:00,1589.17,1597.07,1584.71,1595.97,2842.45029,2021,3,3
2021-03-03 21:35:00+00:00,1595.99,1597.18,1594.0,1594.7,1284.64709,2021,3,3
2021-03-03 21:40:00+00:00,1594.72,1597.26,1592.03,1595.33,2238.22015,2021,3,3
2021-03-03 21:45:00+00:00,1595.33,1599.0,1594.0,1596.53,1546.29822,2021,3,3
2021-03-03 21:50:00+00:00,1596.54,1597.95,1594.64,1596.18,1237.43426,2021,3,3
2021-03-03 21:55:00+00:00,1596.18,1597.37,1589.64,1595.33,2118.29479,2021,3,3
2021-03-03 22:00:00+00:00,1595.33,1595.33,1580.02,1588.47,5438.08704,2021,3,3
2021-03-03 22:05:00+00:00,1588.47,1597.0,1588.47,1595.51,1347.64252,2021,3,3
2021-03-03 22:10:00+00:00,1595.48,1608.82,1595.48,1605.46,2835.45146,2021,3,3
2021-03-03 22:15:00+00:00,1605.51,1606.44,1596.58,1597.01,2566.37654,2021,3,3
2021-03-03 22:20:00+00:00,1597.0,1599.65,1590.0,1599.62,1936.41415,2021,3,3
2021-03-03 22:25:00+00:00,1599.59,1599.97,1594.86,1598.44,982.17977,2021,3,3
2021-03-03 22:30:00+00:00,1598.44,1598.82,1594.46,1596.0,942.17216,2021,3,3
2021-03-03 22:35:00+00:00,1596.0,1597.88,1587.44,1592.4,2388.12839,2021,3,3
2021-03-03 22:40:00+00:00,1592.31,1593.43,1591.54,1592.72,1324.56915,2021,3,3
2021-03-03 22:45:00+00:00,1592.59,1593.57,1587.62,1588.37,1281.1378,2021,3,3
2021-03-03 22:50:00+00:00,1588.16,1591.55,1581.0,1582.07,2830.53844,2021,3,3
2021-03-03 22:55:00+00:00,1581.97,1586.89,1581.43,1584.72,1233.73637,2021,3,3
2021-03-03 23:00:00+00:00,1584.3,1584.51,1576.0,1579.69,2461.17785,2021,3,3
2021-03-03 23:05:00+00:00,1579.46,1585.0,1578.86,1583.36,1539.81845,2021,3,3
2021-03-03 23:10:00+00:00,1583.36,1590.79,1583.17,1589.15,1191.02855,2021,3,3
2021-03-03 23:15:00+00:00,1589.28,1595.73,1588.69,1595.69,1414.71367,2021,3,3
2021-03-03 23:20:00+00:00,1595.68,1599.24,1593.47,1596.53,2809.78668,2021,3,3
2021-03-03 23:25:00+00:00,1596.52,1599.29,1594.45,1598.83,1771.27577,2021,3,3
2021-03-03 23:30:00+00:00,1598.83,1599.87,1587.68,1591.99,3354.22153,2021,3,3
2021-03-03 23:35:00+00:00,1591.95,1592.18,1579.26,1579.57,2585.33005,2021,3,3
2021-03-03 23:40:00+00:00,1579.57,1585.75,1578.48,1579.65,2780.85283,2021,3,3
2021-03-03 23:45:00+00:00,1579.66,1587.11,1574.58,1586.75,5570.89564,2021,3,3
2021-03-03 23:50:00+00:00,1586.74,1586.74,1575.19,1575.78,2526.90105,2021,3,3
2021-03-03 23:55:00+00:00,1575.78,1576.39,1566.63,1567.69,5319.6684,2021,3,3
2021-03-04 00:00:00+00:00,1567.68,1571.13,1555.88,1565.21,9881.95254,2021,3,4
2021-03-04 00:05:00+00:00,1565.21,1566.0,1553.28,1559.47,5284.14733,2021,3,4
2021-03-04 00:10:00+00:00,1559.19,1567.18,1556.04,1563.23,3884.49477,2021,3,4
2021-03-04 00:15:00+00:00,1563.4,1577.33,1560.84,1574.93,3885.71785,2021,3,4
2021-03-04 00:20:00+00:00,1575.12,1576.04,1568.86,1573.6,2425.46793,2021,3,4
2021-03-04 00:25:00+00:00,1573.46,1583.77,1572.08,1583.14,2829.5797,2021,3,4
2021-03-04 00:30:00+00:00,1583.17,1586.59,1576.88,1586.59,1840.37939,2021,3,4
2021-03-04 00:35:00+00:00,1586.57,1587.97,1583.99,1586.89,2077.72116,2021,3,4
2021-03-04 00:40:00+00:00,1587.27,1589.3,1585.5,1588.76,1498.43373,2021,3,4
2021-03-04 00:45:00+00:00,1588.8,1591.65,1583.89,1590.52,2338.21367,2021,3,4
2021-03-04 00:50:00+00:00,1591.09,1597.83,1588.69,1597.57,2880.2066,2021,3,4
2021-03-04 00:55:00+00:00,1597.81,1599.54,1591.85,1592.9,2501.72115,2021,3,4
2021-03-04 01:00:00+00:00,1592.88,1592.88,1586.22,1586.67,1593.98555,2021,3,4
2021-03-04 01:05:00+00:00,1586.76,1595.0,1585.75,1594.62,1879.69609,2021,3,4
2021-03-04 01:10:00+00:00,1594.6,1610.83,1594.11,1608.33,5098.51076,2021,3,4
2021-03-04 01:15:00+00:00,1608.46,1608.68,1602.37,1604.3,2646.69162,2021,3,4
2021-03-04 01:20:00+00:00,1604.3,1609.53,1601.34,1605.97,2826.2199,2021,3,4
2021-03-04 01:25:00+00:00,1605.89,1609.74,1604.24,1607.61,2612.93656,2021,3,4
2021-03-04 01:30:00+00:00,1607.61,1612.65,1606.7,1612.65,3270.01104,2021,3,4
2021-03-04 01:35:00+00:00,1612.64,1616.83,1608.48,1612.08,2909.32462,2021,3,4
2021-03-04 01:40:00+00:00,1612.14,1614.97,1610.81,1610.94,1747.77829,2021,3,4
2021-03-04 01:45:00+00:00,1610.96,1612.33,1609.16,1610.18,1010.70494,2021,3,4
2021-03-04 01:50:00+00:00,1610.12,1610.94,1606.13,1610.2,2011.60717,2021,3,4
2021-03-04 01:55:00+00:00,1610.2,1618.0,1608.16,1614.43,2439.54958,2021,3,4
2021-03-04 02:00:00+00:00,1614.49,1618.18,1609.57,1617.1,2179.93663,2021,3,4
2021-03-04 02:05:00+00:00,1617.11,1624.87,1615.02,1620.88,3005.88393,2021,3,4
2021-03-04 02:10:00+00:00,1620.44,1622.88,1617.08,1617.39,1678.90665,2021,3,4
2021-03-04 02:15:00+00:00,1617.39,1619.44,1616.3,1616.51,1472.22182,2021,3,4
2021-03-04 02:20:00+00:00,1616.49,1618.24,1614.06,1615.68,1994.18225,2021,3,4
2021-03-04 02:25:00+00:00,1615.68,1619.0,1611.96,1616.79,1990.52701,2021,3,4
2021-03-04 02:30:00+00:00,1616.99,1619.18,1612.33,1613.42,1753.3494,2021,3,4
2021-03-04 02:35:00+00:00,1613.33,1613.55,1606.08,1609.14,2527.36929,2021,3,4
2021-03-04 02:40:00+00:00,1609.33,1613.75,1608.15,1612.31,2070.48071,2021,3,4
2021-03-04 02:45:00+00:00,1612.3,1613.97,1611.0,1611.5,1685.95246,2021,3,4
2021-03-04 02:50:00+00:00,1611.5,1611.5,1600.62,1604.49,3262.50726,2021,3,4
2021-03-04 02:55:00+00:00,1604.54,1604.77,1596.55,1597.27,3054.00541,2021,3,4
2021-03-04 03:00:00+00:00,1597.26,1603.25,1594.24,1602.31,2276.9415,2021,3,4
2021-03-04 03:05:00+00:00,1602.31,1603.33,1600.92,1601.65,1547.9243,2021,3,4
2021-03-04 03:10:00+00:00,1601.73,1602.41,1598.53,1602.08,1129.29162,2021,3,4
2021-03-04 03:15:00+00:00,1602.08,1604.49,1587.24,1589.97,2763.14265,2021,3,4
2021-03-04 03:20:00+00:00,1590.03,1590.04,1578.05,1578.6,4499.10338,2021,3,4
2021-03-04 03:25:00+00:00,1578.6,1581.89,1575.99,1579.3,2591.40656,2021,3,4
2021-03-04 03:30:00+00:00,1579.25,1580.5,1569.38,1574.48,6823.37865,2021,3,4
2021-03-04 03:35:00+00:00,1574.39,1576.38,1566.61,1567.08,5019.36123,2021,3,4
2021-03-04 03:40:00+00:00,1566.8,1568.45,1559.04,1566.05,6555.01164,2021,3,4
2021-03-04 03:45:00+00:00,1566.28,1573.98,1557.78,1558.86,5020.7472,2021,3,4
2021-03-04 03:50:00+00:00,1559.18,1561.36,1550.0,1557.11,7394.32113,2021,3,4
2021-03-04 03:55:00+00:00,1557.39,1558.8,1550.0,1555.08,5509.74938,2021,3,4
2021-03-04 04:00:00+00:00,1555.06,1562.01,1547.7,1554.01,7330.54746,2021,3,4
2021-03-04 04:05:00+00:00,1553.84,1563.84,1551.74,1563.09,3843.11611,2021,3,4
2021-03-04 04:10:00+00:00,1563.09,1565.67,1554.37,1554.38,3184.16351,2021,3,4
2021-03-04 04:15:00+00:00,1554.38,1563.51,1553.71,1560.7,3379.7694,2021,3,4
2021-03-04 04:20:00+00:00,1560.82,1562.49,1552.51,1554.65,3191.55789,2021,3,4
2021-03-04 04:25:00+00:00,1554.91,1562.44,1553.01,1558.54,1771.62646,2021,3,4
2021-03-04 04:30:00+00:00,1558.64,1561.26,1553.39,1554.87,1827.61117,2021,3,4
2021-03-04 04:35:00+00:00,1554.75,1559.0,1552.0,1555.64,3031.88893,2021,3,4
2021-03-04 04:40:00+00:00,1555.74,1558.91,1544.02,1544.26,6040.05282,2021,3,4
2021-03-04 04:45:00+00:00,1544.26,1545.01,1535.24,1540.91,8009.97631,2021,3,4
2021-03-04 04:50:00+00:00,1540.76,1546.46,1538.92,1540.65,2487.99656,2021,3,4
2021-03-04 04:55:00+00:00,1540.41,1543.87,1535.21,1538.01,3931.24988,2021,3,4
2021-03-04 05:00:00+00:00,1538.35,1547.84,1537.2,1547.62,2607.07411,2021,3,4
2021-03-04 05:05:00+00:00,1547.64,1548.55,1542.99,1548.05,2960.91499,2021,3,4
2021-03-04 05:10:00+00:00,1548.05,1548.35,1542.0,1546.79,3079.57716,2021,3,4
2021-03-04 05:15:00+00:00,1546.8,1546.81,1537.88,1540.84,2881.80519,2021,3,4
2021-03-04 05:20:00+00:00,1540.84,1549.62,1535.79,1549.62,4102.91677,2021,3,4
2021-03-04 05:25:00+00:00,1549.61,1550.6,1544.07,1544.23,2540.50181,2021,3,4
2021-03-04 05:30:00+00:00,1544.23,1556.7,1538.32,1551.73,3418.89551,2021,3,4
2021-03-04 05:35:00+00:00,1551.64,1560.58,1550.68,1557.69,3619.85289,2021,3,4
2021-03-04 05:40:00+00:00,1557.69,1561.49,1553.06,1558.65,2237.80623,2021,3,4
2021-03-04 05:45:00+00:00,1558.64,1561.56,1556.22,1560.11,2710.02945,2021,3,4
2021-03-04 05:50:00+00:00,1560.04,1564.39,1558.47,1562.83,2796.07997,2021,3,4
2021-03-04 05:55:00+00:00,1563.04,1563.04,1560.17,1561.45,2508.28458,2021,3,4
2021-03-04 06:00:00+00:00,1561.38,1561.59,1558.76,1559.06,3002.67448,2021,3,4
2021-03-04 06:05:00+00:00,1559.19,1564.3,1559.0,1564.3,2102.81288,2021,3,4
2021-03-04 06:10:00+00:00,1564.31,1564.4,1560.6,1560.6,1846.27916,2021,3,4
2021-03-04 06:15:00+00:00,1560.59,1565.02,1557.05,1557.56,3794.25006,2021,3,4
2021-03-04 06:20:00+00:00,1557.56,1561.03,1551.0,1560.41,3497.71483,2021,3,4
2021-03-04 06:25:00+00:00,1560.4,1567.41,1560.23,1562.5,2933.37653,2021,3,4
2021-03-04 06:30:00+00:00,1562.74,1563.16,1552.76,1554.22,2015.03753,2021,3,4
2021-03-04 06:35:00+00:00,1554.26,1559.0,1552.92,1557.07,2486.7876,2021,3,4
2021-03-04 06:40:00+00:00,1556.96,1559.0,1552.76,1554.88,2326.80907,2021,3,4
2021-03-04 06:45:00+00:00,1554.88,1556.1,1543.78,1547.75,3537.19375,2021,3,4
2021-03-04 06:50:00+00:00,1547.76,1554.16,1547.56,1551.26,1933.54143,2021,3,4
2021-03-04 06:55:00+00:00,1551.55,1553.22,1548.33,1550.01,1729.08276,2021,3,4
2021-03-04 07:00:00+00:00,1550.01,1558.0,1547.96,1554.82,2008.65247,2021,3,4
2021-03-04 07:05:00+00:00,1554.97,1560.0,1551.84,1558.02,2207.44377,2021,3,4
2021-03-04 07:10:00+00:00,1558.0,1561.63,1556.63,1561.16,2059.62233,2021,3,4
2021-03-04 07:15:00+00:00,1561.18,1567.0,1557.24,1563.26,4059.35603,2021,3,4
2021-03-04 07:20:00+00:00,1563.33,1565.58,1558.06,1559.37,1911.97353,2021,3,4
2021-03-04 07:25:00+00:00,1559.36,1562.94,1558.45,1561.83,1537.02455,2021,3,4
2021-03-04 07:30:00+00:00,1561.83,1563.4,1554.39,1554.82,2079.01914,2021,3,4
2021-03-04 07:35:00+00:00,1554.82,1559.93,1554.42,1557.75,1568.05753,2021,3,4
2021-03-04 07:40:00+00:00,1557.92,1564.08,1556.35,1563.94,1620.20188,2021,3,4
2021-03-04 07:45:00+00:00,1564.08,1565.18,1556.55,1564.79,3414.14522,2021,3,4
2021-03-04 07:50:00+00:00,1564.87,1564.87,1558.22,1561.0,2778.76636,2021,3,4
2021-03-04 07:55:00+00:00,1561.29,1572.24,1558.15,1571.53,3142.05262,2021,3,4
2021-03-04 08:00:00+00:00,1571.56,1582.89,1570.59,1580.96,7027.92306,2021,3,4
2021-03-04 08:05:00+00:00,1580.94,1589.68,1580.0,1584.46,6822.53533,2021,3,4
2021-03-04 08:10:00+00:00,1584.48,1585.08,1577.8,1580.84,3229.1749,2021,3,4
2021-03-04 08:15:00+00:00,1580.83,1584.05,1580.0,1582.13,2994.46001,2021,3,4
2021-03-04 08:20:00+00:00,1582.14,1586.71,1578.65,1579.54,4909.63651,2021,3,4
2021-03-04 08:25:00+00:00,1579.93,1582.01,1574.64,1580.18,3788.40225,2021,3,4
2021-03-04 08:30:00+00:00,1580.15,1581.42,1576.86,1579.0,3432.55811,2021,3,4
2021-03-04 08:35:00+00:00,1579.18,1580.0,1578.0,1579.12,2227.21128,2021,3,4
2021-03-04 08:40:00+00:00,1579.06,1582.0,1578.74,1579.01,2682.79704,2021,3,4
2021-03-04 08:45:00+00:00,1579.13,1580.94,1573.96,1574.21,4249.34128,2021,3,4
2021-03-04 08:50:00+00:00,1574.21,1575.13,1563.21,1566.46,5409.8685,2021,3,4
2021-03-04 08:55:00+00:00,1566.24,1571.18,1565.0,1571.11,2283.75702,2021,3,4
2021-03-04 09:00:00+00:00,1571.1,1571.45,1567.09,1568.71,1866.05622,2021,3,4
2021-03-04 09:05:00+00:00,1568.7,1570.61,1567.42,1568.73,1160.61798,2021,3,4
2021-03-04 09:10:00+00:00,1568.73,1570.24,1560.2,1560.87,1406.6659,2021,3,4
2021-03-04 09:15:00+00:00,1560.28,1564.62,1546.43,1552.19,5284.32822,2021,3,4
2021-03-04 09:20:00+00:00,1552.07,1552.91,1536.03,1537.39,8223.47785,2021,3,4
2021-03-04 09:25:00+00:00,1537.71,1543.59,1535.0,1539.91,5705.01671,2021,3,4
2021-03-04 09:30:00+00:00,1539.51,1546.87,1528.01,1543.51,9894.51444,2021,3,4
2021-03-04 09:35:00+00:00,1543.77,1550.72,1543.76,1548.6,3558.92688,2021,3,4
2021-03-04 09:40:00+00:00,1548.58,1550.67,1540.0,1541.54,3229.08371,2021,3,4
2021-03-04 09:45:00+00:00,1541.67,1545.96,1533.62,1540.91,3816.40252,2021,3,4
2021-03-04 09:50:00+00:00,1540.91,1547.89,1534.69,1547.13,2630.38521,2021,3,4
2021-03-04 09:55:00+00:00,1547.28,1548.96,1543.42,1547.29,1691.38259,2021,3,4
2021-03-04 10:00:00+00:00,1547.1,1568.0,1541.72,1559.13,6910.67351,2021,3,4
2021-03-04 10:05:00+00:00,1559.29,1560.35,1552.75,1553.06,2626.09244,2021,3,4
2021-03-04 10:10:00+00:00,1553.25,1554.54,1539.51,1541.97,4526.94174,2021,3,4
2021-03-04 10:15:00+00:00,1541.97,1549.89,1541.54,1548.23,2474.324,2021,3,4
2021-03-04 10:20:00+00:00,1548.01,1552.17,1545.85,1549.99,3998.13785,2021,3,4
2021-03-04 10:25:00+00:00,1550.0,1550.0,1542.58,1546.34,4580.73851,2021,3,4
2021-03-04 10:30:00+00:00,1546.34,1553.52,1544.8,1550.95,4699.66061,2021,3,4
2021-03-04 10:35:00+00:00,1550.98,1554.44,1547.48,1553.69,2471.46666,2021,3,4
2021-03-04 10:40:00+00:00,1553.69,1558.71,1552.73,1558.16,2077.91615,2021,3,4
2021-03-04 10:45:00+00:00,1558.15,1558.84,1555.0,1556.58,1988.97109,2021,3,4
2021-03-04 10:50:00+00:00,1556.49,1557.88,1551.49,1554.35,2315.36317,2021,3,4
2021-03-04 10:55:00+00:00,1554.33,1560.0,1554.25,1557.74,2002.3552,2021,3,4
2021-03-04 11:00:00+00:00,1557.73,1563.01,1552.7,1557.19,2707.37539,2021,3,4
2021-03-04 11:05:00+00:00,1557.22,1563.44,1555.19,1557.99,2310.55525,2021,3,4
2021-03-04 11:10:00+00:00,1557.81,1561.63,1557.33,1560.05,1774.02732,2021,3,4
2021-03-04 11:15:00+00:00,1560.05,1562.54,1557.0,1560.66,1817.8562,2021,3,4
2021-03-04 11:20:00+00:00,1560.66,1561.72,1554.34,1555.2,2491.8561,2021,3,4
2021-03-04 11:25:00+00:00,1555.18,1555.57,1546.13,1548.93,3461.89319,2021,3,4
2021-03-04 11:30:00+00:00,1548.95,1558.16,1548.92,1558.16,2277.33595,2021,3,4
2021-03-04 11:35:00+00:00,1558.2,1567.0,1555.86,1564.2,3490.7253,2021,3,4
2021-03-04 11:40:00+00:00,1564.16,1566.21,1561.02,1561.72,2186.46357,2021,3,4
2021-03-04 11:45:00+00:00,1561.65,1564.61,1561.07,1562.61,2160.42324,2021,3,4
2021-03-04 11:50:00+00:00,1562.61,1564.94,1560.64,1563.12,1402.16247,2021,3,4
2021-03-04 11:55:00+00:00,1563.12,1564.29,1560.76,1561.59,1386.09763,2021,3,4
2021-03-04 12:00:00+00:00,1561.62,1569.18,1553.05,1553.17,3873.03407,2021,3,4
2021-03-04 12:05:00+00:00,1553.19,1565.24,1553.02,1562.57,2495.93757,2021,3,4
2021-03-04 12:10:00+00:00,1562.56,1564.99,1560.95,1563.52,2011.40198,2021,3,4
2021-03-04 12:15:00+00:00,1564.06,1573.17,1563.12,1571.94,5611.81629,2021,3,4
2021-03-04 12:20:00+00:00,1571.93,1573.85,1567.01,1570.32,3342.21339,2021,3,4
2021-03-04 12:25:00+00:00,1570.32,1570.92,1563.71,1566.61,2088.59379,2021,3,4
2021-03-04 12:30:00+00:00,1566.52,1566.69,1559.0,1560.82,2679.48973,2021,3,4
2021-03-04 12:35:00+00:00,1560.82,1565.59,1559.02,1559.43,3553.9074,2021,3,4
2021-03-04 12:40:00+00:00,1559.49,1564.75,1559.43,1562.88,2316.68767,2021,3,4
2021-03-04 12:45:00+00:00,1562.85,1565.19,1555.0,1559.85,2634.93655,2021,3,4
2021-03-04 12:50:00+00:00,1559.85,1562.7,1558.55,1560.5,2022.4119,2021,3,4
2021-03-04 12:55:00+00:00,1560.44,1562.27,1558.09,1561.28,1825.20675,2021,3,4
2021-03-04 13:00:00+00:00,1561.21,1562.76,1550.11,1552.62,3040.65321,2021,3,4
2021-03-04 13:05:00+00:00,1552.29,1552.3,1545.48,1547.39,3838.41864,2021,3,4
2021-03-04 13:10:00+00:00,1547.45,1552.79,1546.88,1551.76,4088.87212,2021,3,4
2021-03-04 13:15:00+00:00,1551.76,1563.0,1551.35,1561.48,2500.40184,2021,3,4
2021-03-04 13:20:00+00:00,1561.48,1562.15,1549.61,1558.29,3271.13658,2021,3,4
2021-03-04 13:25:00+00:00,1558.29,1566.68,1554.3,1563.31,2922.86979,2021,3,4
2021-03-04 13:30:00+00:00,1563.18,1566.6,1554.0,1557.14,5356.61681,2021,3,4
2021-03-04 13:35:00+00:00,1557.14,1560.0,1553.44,1557.12,3165.12687,2021,3,4
2021-03-04 13:40:00+00:00,1556.87,1568.77,1554.67,1566.93,2559.20378,2021,3,4
2021-03-04 13:45:00+00:00,1567.13,1570.67,1562.34,1563.95,4274.64405,2021,3,4
2021-03-04 13:50:00+00:00,1563.89,1569.45,1563.3,1565.51,1911.0453,2021,3,4
2021-03-04 13:55:00+00:00,1565.5,1567.34,1564.51,1567.0,1963.03332,2021,3,4
2021-03-04 14:00:00+00:00,1567.0,1571.0,1564.49,1564.5,4013.43577,2021,3,4
2021-03-04 14:05:00+00:00,1564.5,1566.88,1560.05,1565.17,2400.46856,2021,3,4
2021-03-04 14:10:00+00:00,1564.98,1570.4,1563.21,1568.46,2185.23452,2021,3,4
2021-03-04 14:15:00+00:00,1568.5,1584.99,1568.12,1581.52,6352.26239,2021,3,4
2021-03-04 14:20:00+00:00,1581.34,1584.44,1577.26,1582.0,3019.98137,2021,3,4
2021-03-04 14:25:00+00:00,1581.86,1583.85,1579.53,1580.51,2397.49331,2021,3,4
2021-03-04 14:30:00+00:00,1580.51,1596.0,1575.16,1596.0,7846.23001,2021,3,4
2021-03-04 14:35:00+00:00,1595.74,1602.53,1593.22,1597.12,12699.92277,2021,3,4
2021-03-04 14:40:00+00:00,1597.13,1599.93,1584.21,1588.22,5221.20572,2021,3,4
2021-03-04 14:45:00+00:00,1588.17,1594.0,1576.12,1576.12,4444.81895,2021,3,4
2021-03-04 14:50:00+00:00,1576.12,1578.49,1568.45,1574.86,5332.15589,2021,3,4
2021-03-04 14:55:00+00:00,1574.57,1576.54,1570.4,1574.28,3093.03336,2021,3,4
2021-03-04 15:00:00+00:00,1574.27,1574.94,1563.03,1564.86,5936.71463,2021,3,4
2021-03-04 15:05:00+00:00,1564.86,1568.79,1561.7,1564.3,5340.73167,2021,3,4
2021-03-04 15:10:00+00:00,1564.35,1565.0,1556.69,1563.57,5840.91659,2021,3,4
2021-03-04 15:15:00+00:00,1563.63,1567.44,1555.1,1555.64,4046.87451,2021,3,4
2021-03-04 15:20:00+00:00,1555.31,1562.54,1554.0,1562.19,3527.97275,2021,3,4
2021-03-04 15:25:00+00:00,1561.91,1563.71,1557.57,1563.35,2458.28028,2021,3,4
2021-03-04 15:30:00+00:00,1563.43,1565.54,1560.77,1563.0,3222.11494,2021,3,4
2021-03-04 15:35:00+00:00,1563.0,1570.84,1562.98,1567.46,7658.77397,2021,3,4
2021-03-04 15:40:00+00:00,1567.46,1572.36,1565.58,1569.07,3234.61515,2021,3,4
2021-03-04 15:45:00+00:00,1569.02,1579.14,1569.02,1577.35,5106.468,2021,3,4
2021-03-04 15:50:00+00:00,1577.35,1578.22,1569.79,1572.94,3340.71924,2021,3,4
2021-03-04 15:55:00+00:00,1573.06,1580.82,1572.8,1577.22,5370.01658,2021,3,4
2021-03-04 16:00:00+00:00,1576.4,1585.0,1571.38,1583.97,5055.89746,2021,3,4
2021-03-04 16:05:00+00:00,1584.0,1584.71,1571.95,1580.55,4137.45076,2021,3,4
2021-03-04 16:10:00+00:00,1580.53,1581.24,1576.77,1579.8,2139.13029,2021,3,4
2021-03-04 16:15:00+00:00,1579.8,1581.42,1574.59,1578.49,2273.54772,2021,3,4
2021-03-04 16:20:00+00:00,1578.97,1588.34,1578.17,1587.16,2695.32211,2021,3,4
2021-03-04 16:25:00+00:00,1587.17,1590.84,1582.48,1585.49,3643.91341,2021,3,4
2021-03-04 16:30:00+00:00,1585.58,1594.35,1585.43,1585.67,4167.56931,2021,3,4
2021-03-04 16:35:00+00:00,1585.45,1588.68,1581.64,1583.18,2872.16785,2021,3,4
2021-03-04 16:40:00+00:00,1583.01,1589.12,1582.15,1585.78,2413.52178,2021,3,4
2021-03-04 16:45:00+00:00,1585.77,1590.72,1585.53,1590.29,1826.21595,2021,3,4
2021-03-04 16:50:00+00:00,1590.15,1592.97,1588.02,1589.29,2037.34411,2021,3,4
2021-03-04 16:55:00+00:00,1589.29,1589.66,1583.3,1584.92,2132.32998,2021,3,4
2021-03-04 17:00:00+00:00,1584.97,1599.03,1584.97,1594.35,6567.83707,2021,3,4
2021-03-04 17:05:00+00:00,1594.23,1594.74,1590.33,1593.66,2159.78781,2021,3,4
2021-03-04 17:10:00+00:00,1593.66,1593.83,1575.51,1579.72,3981.72711,2021,3,4
2021-03-04 17:15:00+00:00,1579.72,1599.84,1578.43,1598.02,4109.14744,2021,3,4
2021-03-04 17:20:00+00:00,1598.1,1599.76,1583.58,1585.02,5482.14385,2021,3,4
2021-03-04 17:25:00+00:00,1585.02,1586.41,1577.15,1581.54,3242.51056,2021,3,4
2021-03-04 17:30:00+00:00,1581.54,1582.92,1571.01,1577.0,4232.41778,2021,3,4
2021-03-04 17:35:00+00:00,1576.99,1582.64,1574.16,1582.64,1984.21499,2021,3,4
2021-03-04 17:40:00+00:00,1582.64,1585.24,1575.95,1576.49,2406.05921,2021,3,4
2021-03-04 17:45:00+00:00,1576.5,1577.58,1570.33,1572.46,3170.75667,2021,3,4
2021-03-04 17:50:00+00:00,1572.46,1573.56,1561.26,1562.47,6607.71264,2021,3,4
2021-03-04 17:55:00+00:00,1562.22,1565.2,1556.0,1562.29,5849.70855,2021,3,4
2021-03-04 18:00:00+00:00,1562.29,1563.66,1555.58,1560.23,4326.77592,2021,3,4
2021-03-04 18:05:00+00:00,1560.24,1560.44,1550.6,1553.65,5005.32295,2021,3,4
2021-03-04 18:10:00+00:00,1554.0,1555.2,1541.0,1542.33,6589.21733,2021,3,4
2021-03-04 18:15:00+00:00,1542.32,1551.49,1540.0,1547.65,7441.69562,2021,3,4
2021-03-04 18:20:00+00:00,1547.65,1549.64,1539.2,1544.3,5856.48596,2021,3,4
2021-03-04 18:25:00+00:00,1544.57,1550.65,1543.09,1547.97,4045.59763,2021,3,4
2021-03-04 18:30:00+00:00,1547.98,1548.13,1530.0,1540.96,7274.69045,2021,3,4
2021-03-04 18:35:00+00:00,1540.96,1545.74,1540.0,1541.87,2765.11739,2021,3,4
2021-03-04 18:40:00+00:00,1541.65,1544.33,1531.7,1531.7,6503.34392,2021,3,4
2021-03-04 18:45:00+00:00,1532.06,1535.51,1513.0,1520.23,14053.21981,2021,3,4
2021-03-04 18:50:00+00:00,1520.6,1520.92,1510.01,1511.29,6715.48704,2021,3,4
2021-03-04 18:55:00+00:00,1511.0,1519.06,1506.84,1507.77,6325.51617,2021,3,4
2021-03-04 19:00:00+00:00,1507.77,1519.31,1506.45,1519.31,7021.70395,2021,3,4
2021-03-04 19:05:00+00:00,1519.3,1531.29,1518.44,1526.59,4804.70339,2021,3,4
2021-03-04 19:10:00+00:00,1526.59,1536.86,1524.03,1534.98,4899.5681,2021,3,4
2021-03-04 19:15:00+00:00,1535.08,1535.35,1527.75,1531.55,3347.44373,2021,3,4
2021-03-04 19:20:00+00:00,1531.72,1538.0,1530.3,1537.01,2881.62481,2021,3,4
2021-03-04 19:25:00+00:00,1537.01,1537.52,1526.53,1527.15,2667.85437,2021,3,4
2021-03-04 19:30:00+00:00,1527.27,1529.06,1522.0,1526.11,2363.30506,2021,3,4
2021-03-04 19:35:00+00:00,1526.25,1534.63,1521.06,1532.64,4702.40989,2021,3,4
2021-03-04 19:40:00+00:00,1532.63,1537.26,1527.13,1537.17,2570.44806,2021,3,4
2021-03-04 19:45:00+00:00,1537.16,1540.0,1533.0,1536.48,2484.28233,2021,3,4
2021-03-04 19:50:00+00:00,1536.49,1537.68,1529.59,1535.61,1771.77486,2021,3,4
2021-03-04 19:55:00+00:00,1535.59,1536.37,1525.15,1526.71,2115.09062,2021,3,4
2021-03-04 20:00:00+00:00,1526.83,1528.91,1520.03,1523.6,4164.89358,2021,3,4
2021-03-04 20:05:00+00:00,1523.6,1526.87,1511.03,1513.64,5049.30133,2021,3,4
2021-03-04 20:10:00+00:00,1513.64,1515.18,1506.36,1513.78,4591.12834,2021,3,4
2021-03-04 20:15:00+00:00,1514.1,1528.9,1512.18,1526.0,3703.15331,2021,3,4
2021-03-04 20:20:00+00:00,1526.01,1526.8,1507.25,1507.8,3635.1441,2021,3,4
2021-03-04 20:25:00+00:00,1507.71,1524.95,1507.71,1521.66,2711.95744,2021,3,4
2021-03-04 20:30:00+00:00,1521.64,1529.0,1517.83,1527.74,2691.30842,2021,3,4
2021-03-04 20:35:00+00:00,1527.86,1529.13,1525.39,1527.43,1510.67688,2021,3,4
2021-03-04 20:40:00+00:00,1527.43,1531.24,1524.72,1528.38,2188.81258,2021,3,4
2021-03-04 20:45:00+00:00,1528.56,1533.0,1523.56,1525.0,1817.41151,2021,3,4
2021-03-04 20:50:00+00:00,1525.0,1532.9,1524.78,1530.48,1717.75574,2021,3,4
2021-03-04 20:55:00+00:00,1530.52,1531.74,1527.87,1531.0,1870.89719,2021,3,4
2021-03-04 21:00:00+00:00,1531.19,1531.61,1525.0,1525.39,1666.12323,2021,3,4
2021-03-04 21:05:00+00:00,1525.39,1533.0,1525.0,1532.21,2374.62273,2021,3,4
2021-03-04 21:10:00+00:00,1532.2,1532.35,1526.07,1527.36,1423.89815,2021,3,4
2021-03-04 21:15:00+00:00,1527.36,1530.06,1526.51,1528.54,1312.85059,2021,3,4
2021-03-04 21:20:00+00:00,1528.55,1531.54,1525.6,1530.01,1916.53386,2021,3,4
2021-03-04 21:25:00+00:00,1530.01,1537.58,1529.89,1534.0,1804.64858,2021,3,4
2021-03-04 21:30:00+00:00,1533.85,1534.5,1528.0,1528.15,1429.65549,2021,3,4
2021-03-04 21:35:00+00:00,1528.16,1532.14,1525.33,1531.87,1779.34025,2021,3,4
2021-03-04 21:40:00+00:00,1531.87,1531.87,1521.35,1522.12,2155.03462,2021,3,4
2021-03-04 21:45:00+00:00,1522.06,1524.78,1520.27,1520.82,1593.30276,2021,3,4
2021-03-04 21:50:00+00:00,1520.82,1524.59,1513.16,1514.28,1609.13848,2021,3,4
2021-03-04 21:55:00+00:00,1514.28,1518.5,1511.33,1517.97,2584.14651,2021,3,4
2021-03-04 22:00:00+00:00,1517.93,1526.7,1515.5,1524.79,2815.74026,2021,3,4
2021-03-04 22:05:00+00:00,1525.15,1525.15,1512.34,1518.34,2053.86635,2021,3,4
2021-03-04 22:10:00+00:00,1518.76,1524.71,1517.4,1521.7,931.01486,2021,3,4
2021-03-04 22:15:00+00:00,1521.91,1522.82,1516.34,1517.42,914.90445,2021,3,4
2021-03-04 22:20:00+00:00,1517.42,1521.97,1515.5,1518.35,913.60043,2021,3,4
2021-03-04 22:25:00+00:00,1518.35,1520.11,1514.39,1519.83,956.47701,2021,3,4
2021-03-04 22:30:00+00:00,1519.82,1525.78,1517.93,1524.08,930.72762,2021,3,4
2021-03-04 22:35:00+00:00,1524.08,1530.6,1523.61,1526.28,1623.70975,2021,3,4
2021-03-04 22:40:00+00:00,1526.28,1528.52,1523.21,1526.82,1127.45202,2021,3,4
2021-03-04 22:45:00+00:00,1527.28,1533.33,1526.97,1531.31,1535.42271,2021,3,4
2021-03-04 22:50:00+00:00,1531.31,1533.83,1529.2,1531.16,1085.43498,2021,3,4
2021-03-04 22:55:00+00:00,1531.14,1532.97,1528.37,1529.71,1087.57356,2021,3,4
2021-03-04 23:00:00+00:00,1529.73,1531.0,1526.47,1529.73,1374.2779,2021,3,4
2021-03-04 23:05:00+00:00,1529.92,1532.12,1528.01,1529.25,1185.79841,2021,3,4
2021-03-04 23:10:00+00:00,1529.25,1532.53,1526.0,1526.02,1571.27339,2021,3,4
2021-03-04 23:15:00+00:00,1526.28,1539.64,1524.0,1537.22,2332.1646,2021,3,4
2021-03-04 23:20:00+00:00,1536.84,1543.4,1531.13,1536.49,3836.55407,2021,3,4
2021-03-04 23:25:00+00:00,1536.57,1541.67,1535.34,1537.58,1960.37617,2021,3,4
2021-03-04 23:30:00+00:00,1537.49,1547.8,1537.49,1540.34,4025.146,2021,3,4
2021-03-04 23:35:00+00:00,1540.35,1544.32,1537.4,1541.64,2326.60258,2021,3,4
2021-03-04 23:40:00+00:00,1541.64,1542.65,1539.01,1539.14,1380.74726,2021,3,4
2021-03-04 23:45:00+00:00,1539.1,1540.74,1536.16,1538.03,1510.80502,2021,3,4
2021-03-04 23:50:00+00:00,1538.03,1541.18,1537.0,1539.49,1263.33071,2021,3,4
2021-03-04 23:55:00+00:00,1539.47,1541.29,1536.65,1539.23,1231.86027,2021,3,4
2021-03-05 00:00:00+00:00,1539.22,1541.65,1520.0,1520.87,4125.72234,2021,3,5
2021-03-05 00:05:00+00:00,1520.93,1528.34,1507.59,1509.99,4789.08888,2021,3,5
2021-03-05 00:10:00+00:00,1510.01,1515.37,1498.41,1507.13,10500.21309,2021,3,5
2021-03-05 00:15:00+00:00,1507.13,1510.0,1495.81,1496.5,9303.51944,2021,3,5
2021-03-05 00:20:00+00:00,1496.5,1499.96,1487.54,1493.05,11559.03999,2021,3,5
2021-03-05 00:25:00+00:00,1493.22,1502.27,1490.02,1492.19,5024.6137,2021,3,5
2021-03-05 00:30:00+00:00,1492.19,1499.44,1488.66,1492.17,5982.5927,2021,3,5
2021-03-05 00:35:00+00:00,1492.18,1494.46,1480.01,1485.51,7684.70727,2021,3,5
2021-03-05 00:40:00+00:00,1485.5,1485.82,1479.26,1483.16,5115.15248,2021,3,5
2021-03-05 00:45:00+00:00,1483.17,1488.94,1477.0,1478.37,4330.35475,2021,3,5
2021-03-05 00:50:00+00:00,1478.23,1480.0,1470.1,1475.67,7356.25892,2021,3,5
2021-03-05 00:55:00+00:00,1475.65,1479.68,1470.53,1478.94,4280.42782,2021,3,5
2021-03-05 01:00:00+00:00,1479.17,1482.35,1470.32,1472.3,4283.66754,2021,3,5
2021-03-05 01:05:00+00:00,1472.33,1473.54,1460.7,1462.36,6675.71312,2021,3,5
2021-03-05 01:10:00+00:00,1461.91,1468.86,1461.35,1464.54,3888.37433,2021,3,5
2021-03-05 01:15:00+00:00,1465.06,1476.44,1462.53,1471.93,4635.02324,2021,3,5
2021-03-05 01:20:00+00:00,1471.93,1471.93,1463.0,1466.73,3310.45221,2021,3,5
2021-03-05 01:25:00+00:00,1466.9,1468.89,1463.2,1467.97,3899.79943,2021,3,5
2021-03-05 01:30:00+00:00,1467.68,1473.42,1464.29,1468.92,2701.19933,2021,3,5
2021-03-05 01:35:00+00:00,1469.08,1474.79,1461.56,1474.75,4750.77726,2021,3,5
2021-03-05 01:40:00+00:00,1474.75,1474.76,1470.0,1470.51,2548.35126,2021,3,5
2021-03-05 01:45:00+00:00,1470.32,1472.35,1467.8,1467.84,3032.71719,2021,3,5
2021-03-05 01:50:00+00:00,1467.98,1469.99,1461.99,1465.16,4202.53211,2021,3,5
2021-03-05 01:55:00+00:00,1465.16,1465.58,1461.02,1463.28,4220.26029,2021,3,5
2021-03-05 02:00:00+00:00,1463.28,1463.83,1446.0,1449.8,13333.98851,2021,3,5
2021-03-05 02:05:00+00:00,1449.79,1456.45,1445.45,1447.37,5848.51955,2021,3,5
2021-03-05 02:10:00+00:00,1447.37,1463.88,1447.37,1463.62,3471.93443,2021,3,5
2021-03-05 02:15:00+00:00,1463.71,1472.38,1460.0,1470.86,3935.51591,2021,3,5
2021-03-05 02:20:00+00:00,1471.0,1476.59,1470.81,1473.05,3285.95527,2021,3,5
2021-03-05 02:25:00+00:00,1473.14,1473.99,1467.79,1470.05,1883.63088,2021,3,5
2021-03-05 02:30:00+00:00,1470.3,1474.35,1469.0,1472.26,1123.24257,2021,3,5
2021-03-05 02:35:00+00:00,1472.26,1474.67,1469.21,1469.74,2525.60992,2021,3,5
2021-03-05 02:40:00+00:00,1469.88,1472.0,1466.91,1470.6,1953.11038,2021,3,5
2021-03-05 02:45:00+00:00,1470.65,1475.76,1470.31,1474.36,1950.47553,2021,3,5
2021-03-05 02:50:00+00:00,1474.23,1482.15,1473.86,1479.82,2746.28463,2021,3,5
2021-03-05 02:55:00+00:00,1479.84,1482.84,1478.31,1480.97,2374.3865,2021,3,5
2021-03-05 03:00:00+00:00,1480.97,1481.6,1478.01,1480.2,1897.16558,2021,3,5
2021-03-05 03:05:00+00:00,1480.19,1482.62,1478.21,1479.04,3109.33616,2021,3,5
2021-03-05 03:10:00+00:00,1479.27,1480.99,1475.7,1475.95,1824.71709,2021,3,5
2021-03-05 03:15:00+00:00,1475.95,1478.91,1471.58,1471.79,2108.57913,2021,3,5
2021-03-05 03:20:00+00:00,1471.86,1483.28,1471.84,1483.2,1486.4293,2021,3,5
2021-03-05 03:25:00+00:00,1483.07,1483.99,1475.77,1478.1,2887.45703,2021,3,5
2021-03-05 03:30:00+00:00,1478.1,1482.24,1476.51,1480.02,1638.00727,2021,3,5
2021-03-05 03:35:00+00:00,1479.62,1484.0,1479.37,1481.06,1544.26976,2021,3,5
2021-03-05 03:40:00+00:00,1480.76,1482.94,1478.89,1480.33,2025.01983,2021,3,5
2021-03-05 03:45:00+00:00,1480.29,1483.64,1479.42,1480.4,1363.18913,2021,3,5
2021-03-05 03:50:00+00:00,1480.38,1482.71,1476.0,1480.72,2833.26515,2021,3,5
2021-03-05 03:55:00+00:00,1480.74,1484.34,1479.43,1481.67,2474.86091,2021,3,5
2021-03-05 04:00:00+00:00,1481.53,1481.79,1476.24,1479.27,2160.75024,2021,3,5
2021-03-05 04:05:00+00:00,1479.27,1480.68,1477.0,1478.72,1486.27129,2021,3,5
2021-03-05 04:10:00+00:00,1478.73,1480.42,1477.0,1478.96,987.95721,2021,3,5
2021-03-05 04:15:00+00:00,1479.0,1479.99,1473.22,1473.72,1752.10425,2021,3,5
2021-03-05 04:20:00+00:00,1473.71,1476.78,1469.39,1476.53,2403.97451,2021,3,5
2021-03-05 04:25:00+00:00,1476.67,1481.0,1472.65,1477.6,1927.99518,2021,3,5
2021-03-05 04:30:00+00:00,1477.6,1482.6,1475.58,1481.03,1972.77876,2021,3,5
2021-03-05 04:35:00+00:00,1481.02,1486.66,1479.31,1485.93,2102.85636,2021,3,5
2021-03-05 04:40:00+00:00,1486.07,1487.21,1482.24,1482.69,1236.6763,2021,3,5
2021-03-05 04:45:00+00:00,1482.76,1483.8,1481.38,1482.59,1182.82668,2021,3,5
2021-03-05 04:50:00+00:00,1482.62,1483.64,1477.68,1478.95,1977.46259,2021,3,5
2021-03-05 04:55:00+00:00,1478.98,1480.34,1464.79,1465.48,5796.99947,2021,3,5
2021-03-05 05:00:00+00:00,1465.47,1474.66,1461.56,1474.66,3099.1718,2021,3,5
2021-03-05 05:05:00+00:00,1474.65,1478.54,1470.0,1476.69,3514.57465,2021,3,5
2021-03-05 05:10:00+00:00,1476.57,1478.81,1473.41,1474.16,2509.33662,2021,3,5
2021-03-05 05:15:00+00:00,1474.25,1476.2,1467.57,1475.46,2158.23919,2021,3,5
2021-03-05 05:20:00+00:00,1475.32,1476.09,1470.26,1471.24,1544.1484,2021,3,5
2021-03-05 05:25:00+00:00,1471.28,1471.94,1464.65,1468.54,2689.30898,2021,3,5
2021-03-05 05:30:00+00:00,1468.02,1473.71,1465.89,1469.07,5342.48778,2021,3,5
2021-03-05 05:35:00+00:00,1469.19,1471.3,1466.65,1471.3,7250.33043,2021,3,5
2021-03-05 05:40:00+00:00,1471.3,1474.66,1468.21,1469.31,8904.71731,2021,3,5
2021-03-05 05:45:00+00:00,1469.33,1470.73,1464.38,1466.84,3968.89019,2021,3,5
2021-03-05 05:50:00+00:00,1466.84,1473.69,1465.54,1472.45,2911.0717,2021,3,5
2021-03-05 05:55:00+00:00,1472.44,1475.59,1470.01,1472.41,1922.55611,2021,3,5
2021-03-05 06:00:00+00:00,1472.37,1478.97,1469.18,1477.21,2092.7704,2021,3,5
2021-03-05 06:05:00+00:00,1477.21,1481.48,1476.79,1480.08,2974.87056,2021,3,5
2021-03-05 06:10:00+00:00,1480.26,1482.81,1478.4,1481.59,2352.92803,2021,3,5
2021-03-05 06:15:00+00:00,1481.55,1485.0,1480.0,1481.21,2404.8331,2021,3,5
2021-03-05 06:20:00+00:00,1481.08,1482.72,1475.79,1477.19,2545.72756,2021,3,5
2021-03-05 06:25:00+00:00,1477.26,1480.13,1473.93,1474.44,1491.68035,2021,3,5
2021-03-05 06:30:00+00:00,1474.44,1478.99,1474.23,1476.94,2054.60667,2021,3,5
2021-03-05 06:35:00+00:00,1476.94,1478.74,1471.03,1478.28,1700.59632,2021,3,5
2021-03-05 06:40:00+00:00,1478.36,1480.76,1474.0,1477.94,2003.73987,2021,3,5
2021-03-05 06:45:00+00:00,1477.89,1479.88,1476.89,1478.67,1057.56218,2021,3,5
2021-03-05 06:50:00+00:00,1478.72,1480.69,1476.0,1480.4,1408.46508,2021,3,5
2021-03-05 06:55:00+00:00,1480.43,1482.84,1478.61,1479.99,1879.94726,2021,3,5
2021-03-05 07:00:00+00:00,1479.99,1484.67,1479.45,1484.29,2082.91306,2021,3,5
2021-03-05 07:05:00+00:00,1484.25,1486.36,1483.06,1484.62,3282.01814,2021,3,5
2021-03-05 07:10:00+00:00,1484.62,1484.62,1481.27,1481.38,1740.87816,2021,3,5
2021-03-05 07:15:00+00:00,1481.39,1481.99,1478.3,1481.48,3118.75669,2021,3,5
2021-03-05 07:20:00+00:00,1481.48,1481.48,1474.83,1475.19,1641.17998,2021,3,5
2021-03-05 07:25:00+00:00,1475.22,1477.85,1475.09,1475.09,1185.69006,2021,3,5
2021-03-05 07:30:00+00:00,1475.09,1475.1,1470.89,1472.7,1725.52994,2021,3,5
2021-03-05 07:35:00+00:00,1472.7,1473.43,1468.22,1468.78,1780.7024,2021,3,5
2021-03-05 07:40:00+00:00,1468.78,1472.48,1468.06,1471.96,1868.40633,2021,3,5
2021-03-05 07:45:00+00:00,1471.93,1474.99,1471.46,1473.44,2084.03296,2021,3,5
2021-03-05 07:50:00+00:00,1473.39,1474.18,1468.04,1473.05,2381.39167,2021,3,5
2021-03-05 07:55:00+00:00,1472.56,1479.71,1470.68,1474.17,3783.86951,2021,3,5
2021-03-05 08:00:00+00:00,1474.04,1480.38,1471.01,1475.27,4082.38782,2021,3,5
2021-03-05 08:05:00+00:00,1475.04,1478.02,1464.1,1465.01,3852.61699,2021,3,5
2021-03-05 08:10:00+00:00,1465.14,1466.62,1454.54,1454.54,8452.42641,2021,3,5
2021-03-05 08:15:00+00:00,1455.07,1461.87,1447.54,1459.68,7626.43443,2021,3,5
2021-03-05 08:20:00+00:00,1459.5,1461.06,1455.47,1455.47,2359.80871,2021,3,5
2021-03-05 08:25:00+00:00,1455.46,1455.53,1448.39,1448.68,3214.67581,2021,3,5
2021-03-05 08:30:00+00:00,1448.55,1455.76,1448.0,1452.19,3909.1561,2021,3,5
2021-03-05 08:35:00+00:00,1452.43,1452.62,1441.66,1449.73,9334.38353,2021,3,5
2021-03-05 08:40:00+00:00,1449.72,1454.74,1448.85,1453.49,2857.85097,2021,3,5
2021-03-05 08:45:00+00:00,1453.5,1461.05,1449.69,1459.56,3381.6221,2021,3,5
2021-03-05 08:50:00+00:00,1459.64,1460.41,1451.82,1453.22,2825.55922,2021,3,5
2021-03-05 08:55:00+00:00,1453.4,1458.1,1451.41,1456.06,2484.92687,2021,3,5
2021-03-05 09:00:00+00:00,1456.06,1460.9,1452.64,1457.74,4277.9607,2021,3,5
2021-03-05 09:05:00+00:00,1457.81,1462.27,1456.84,1457.37,2275.62767,2021,3,5
2021-03-05 09:10:00+00:00,1457.42,1461.81,1455.89,1457.07,1508.76266,2021,3,5
2021-03-05 09:15:00+00:00,1457.07,1461.0,1455.27,1458.21,1909.33256,2021,3,5
2021-03-05 09:20:00+00:00,1458.21,1468.01,1456.19,1464.6,5324.65095,2021,3,5
2021-03-05 09:25:00+00:00,1464.64,1466.54,1459.73,1462.77,2242.83989,2021,3,5
2021-03-05 09:30:00+00:00,1462.59,1465.37,1461.11,1461.99,1444.70293,2021,3,5
2021-03-05 09:35:00+00:00,1462.0,1466.96,1461.97,1466.86,2163.72653,2021,3,5
2021-03-05 09:40:00+00:00,1466.8,1468.67,1463.61,1467.06,1884.85845,2021,3,5
2021-03-05 09:45:00+00:00,1467.06,1469.0,1463.49,1467.82,1965.11831,2021,3,5
2021-03-05 09:50:00+00:00,1467.99,1472.66,1465.74,1465.96,1883.14266,2021,3,5
2021-03-05 09:55:00+00:00,1466.05,1471.21,1465.86,1469.8,2489.47408,2021,3,5
2021-03-05 10:00:00+00:00,1469.79,1476.0,1469.0,1474.44,2812.46537,2021,3,5
2021-03-05 10:05:00+00:00,1474.45,1475.16,1472.37,1472.87,1714.06644,2021,3,5
2021-03-05 10:10:00+00:00,1472.86,1474.02,1470.43,1473.79,1410.38406,2021,3,5
2021-03-05 10:15:00+00:00,1473.75,1474.72,1470.65,1471.32,1446.39929,2021,3,5
2021-03-05 10:20:00+00:00,1471.27,1471.59,1467.29,1469.38,1961.54454,2021,3,5
2021-03-05 10:25:00+00:00,1469.39,1472.81,1469.16,1470.28,1153.49049,2021,3,5
2021-03-05 10:30:00+00:00,1470.28,1472.8,1466.53,1469.96,1733.99453,2021,3,5
2021-03-05 10:35:00+00:00,1469.96,1470.83,1461.19,1464.2,2984.61147,2021,3,5
2021-03-05 10:40:00+00:00,1464.33,1469.35,1463.82,1469.09,1792.64114,2021,3,5
2021-03-05 10:45:00+00:00,1469.1,1473.11,1466.98,1470.7,2019.18891,2021,3,5
2021-03-05 10:50:00+00:00,1470.7,1472.58,1469.02,1469.51,2690.71487,2021,3,5
2021-03-05 10:55:00+00:00,1469.51,1475.0,1469.5,1471.51,2880.13802,2021,3,5
2021-03-05 11:00:00+00:00,1471.51,1477.29,1471.0,1475.78,2194.07779,2021,3,5
2021-03-05 11:05:00+00:00,1475.48,1478.36,1473.33,1474.68,1425.31119,2021,3,5
2021-03-05 11:10:00+00:00,1474.64,1474.81,1472.62,1473.22,1181.45182,2021,3,5
2021-03-05 11:15:00+00:00,1473.21,1475.15,1472.17,1473.02,2091.33914,2021,3,5
2021-03-05 11:20:00+00:00,1473.05,1474.99,1471.33,1473.76,1453.15145,2021,3,5
2021-03-05 11:25:00+00:00,1473.76,1477.0,1472.01,1474.48,1150.59628,2021,3,5
2021-03-05 11:30:00+00:00,1474.46,1477.42,1472.14,1474.6,1567.35412,2021,3,5
2021-03-05 11:35:00+00:00,1474.48,1477.76,1473.83,1477.36,2633.33576,2021,3,5
2021-03-05 11:40:00+00:00,1477.32,1477.91,1472.53,1476.3,1572.24539,2021,3,5
2021-03-05 11:45:00+00:00,1476.3,1477.25,1473.51,1473.86,1721.45308,2021,3,5
2021-03-05 11:50:00+00:00,1473.86,1475.79,1473.0,1473.38,1869.97147,2021,3,5
2021-03-05 11:55:00+00:00,1473.49,1481.77,1473.37,1480.15,2520.26086,2021,3,5
2021-03-05 12:00:00+00:00,1480.24,1484.63,1479.72,1481.55,3803.08032,2021,3,5
2021-03-05 12:05:00+00:00,1481.84,1485.14,1480.25,1481.56,4606.22809,2021,3,5
2021-03-05 12:10:00+00:00,1481.19,1482.3,1475.31,1476.38,6196.77335,2021,3,5
2021-03-05 12:15:00+00:00,1476.26,1476.76,1469.29,1471.81,4911.64666,2021,3,5
2021-03-05 12:20:00+00:00,1471.8,1473.5,1460.96,1466.25,4436.31696,2021,3,5
2021-03-05 12:25:00+00:00,1466.72,1468.91,1464.42,1467.78,2201.52571,2021,3,5
2021-03-05 12:30:00+00:00,1467.79,1473.88,1467.01,1473.08,2337.31613,2021,3,5
2021-03-05 12:35:00+00:00,1473.09,1481.77,1470.72,1481.68,2240.57817,2021,3,5
2021-03-05 12:40:00+00:00,1481.77,1488.0,1477.81,1486.86,5114.18359,2021,3,5
2021-03-05 12:45:00+00:00,1486.87,1487.79,1477.95,1479.63,3193.62568,2021,3,5
2021-03-05 12:50:00+00:00,1479.64,1482.99,1478.47,1480.61,1959.75586,2021,3,5
2021-03-05 12:55:00+00:00,1480.62,1485.86,1479.43,1482.47,1894.37594,2021,3,5
2021-03-05 13:00:00+00:00,1482.55,1491.03,1482.55,1489.21,5253.34534,2021,3,5
2021-03-05 13:05:00+00:00,1489.22,1489.63,1485.7,1487.84,2146.83056,2021,3,5
2021-03-05 13:10:00+00:00,1487.7,1488.19,1484.02,1485.77,2294.71948,2021,3,5
2021-03-05 13:15:00+00:00,1485.97,1488.12,1485.16,1486.75,1995.97804,2021,3,5
2021-03-05 13:20:00+00:00,1486.59,1491.86,1485.53,1489.44,2537.16789,2021,3,5
2021-03-05 13:25:00+00:00,1489.47,1496.59,1489.02,1495.35,4075.47427,2021,3,5
2021-03-05 13:30:00+00:00,1495.55,1496.88,1471.02,1473.53,8720.78683,2021,3,5
2021-03-05 13:35:00+00:00,1473.81,1481.07,1473.0,1478.06,2805.25966,2021,3,5
2021-03-05 13:40:00+00:00,1478.11,1487.23,1476.14,1486.68,5426.06974,2021,3,5
2021-03-05 13:45:00+00:00,1486.37,1493.0,1481.26,1491.57,6892.99572,2021,3,5
2021-03-05 13:50:00+00:00,1491.58,1492.6,1485.59,1490.0,2864.37434,2021,3,5
2021-03-05 13:55:00+00:00,1490.01,1490.82,1488.04,1489.47,1635.47323,2021,3,5
2021-03-05 14:00:00+00:00,1489.45,1498.9,1489.45,1498.44,5144.52309,2021,3,5
2021-03-05 14:05:00+00:00,1498.44,1499.14,1493.19,1496.3,4274.27164,2021,3,5
2021-03-05 14:10:00+00:00,1496.44,1497.0,1492.5,1495.35,2533.4691,2021,3,5
2021-03-05 14:15:00+00:00,1495.3,1506.99,1494.99,1504.56,7287.29367,2021,3,5
2021-03-05 14:20:00+00:00,1504.54,1512.1,1504.16,1508.49,6383.95114,2021,3,5
2021-03-05 14:25:00+00:00,1508.5,1512.21,1506.22,1508.54,3909.34604,2021,3,5
2021-03-05 14:30:00+00:00,1508.94,1514.0,1507.98,1508.31,4361.01271,2021,3,5
2021-03-05 14:35:00+00:00,1508.46,1508.97,1499.16,1499.24,3648.18398,2021,3,5
2021-03-05 14:40:00+00:00,1499.51,1505.68,1499.51,1505.53,3438.53788,2021,3,5
2021-03-05 14:45:00+00:00,1505.49,1505.51,1498.71,1498.74,2146.61379,2021,3,5
2021-03-05 14:50:00+00:00,1499.01,1499.52,1487.04,1488.37,5739.43527,2021,3,5
2021-03-05 14:55:00+00:00,1488.22,1495.1,1487.49,1493.41,3120.12226,2021,3,5
2021-03-05 15:00:00+00:00,1493.55,1502.33,1493.54,1498.16,2590.90236,2021,3,5
2021-03-05 15:05:00+00:00,1498.16,1507.97,1497.65,1503.22,4347.40296,2021,3,5
2021-03-05 15:10:00+00:00,1503.34,1505.49,1495.01,1499.11,2218.23878,2021,3,5
2021-03-05 15:15:00+00:00,1499.19,1505.77,1499.0,1501.07,2387.82443,2021,3,5
2021-03-05 15:20:00+00:00,1501.36,1501.78,1492.11,1497.13,3042.55401,2021,3,5
2021-03-05 15:25:00+00:00,1496.89,1501.65,1494.91,1496.13,2088.41885,2021,3,5
2021-03-05 15:30:00+00:00,1496.13,1499.72,1489.0,1490.2,2595.09732,2021,3,5
2021-03-05 15:35:00+00:00,1490.08,1495.36,1482.42,1485.79,4706.2851,2021,3,5
2021-03-05 15:40:00+00:00,1485.93,1490.58,1485.26,1489.73,2110.89938,2021,3,5
2021-03-05 15:45:00+00:00,1489.52,1490.64,1481.19,1485.3,5231.21413,2021,3,5
2021-03-05 15:50:00+00:00,1485.07,1491.92,1483.98,1491.4,2084.45443,2021,3,5
2021-03-05 15:55:00+00:00,1491.39,1492.0,1481.24,1481.41,2996.94968,2021,3,5
2021-03-05 16:00:00+00:00,1481.27,1481.46,1467.02,1472.81,11987.82858,2021,3,5
2021-03-05 16:05:00+00:00,1473.14,1477.85,1469.35,1472.29,3066.62858,2021,3,5
2021-03-05 16:10:00+00:00,1472.24,1477.49,1469.28,1469.8,3752.16706,2021,3,5
2021-03-05 16:15:00+00:00,1469.8,1476.28,1469.46,1473.08,2729.44049,2021,3,5
2021-03-05 16:20:00+00:00,1473.07,1473.95,1461.0,1463.14,5536.29725,2021,3,5
2021-03-05 16:25:00+00:00,1462.75,1464.56,1450.11,1450.56,5631.48585,2021,3,5
2021-03-05 16:30:00+00:00,1450.41,1461.13,1448.52,1456.52,5774.88,2021,3,5
2021-03-05 16:35:00+00:00,1456.52,1468.56,1456.51,1468.25,3609.7004,2021,3,5
2021-03-05 16:40:00+00:00,1468.16,1469.34,1461.73,1468.17,2119.47378,2021,3,5
2021-03-05 16:45:00+00:00,1468.17,1479.5,1467.47,1470.24,6016.5022,2021,3,5
2021-03-05 16:50:00+00:00,1469.74,1474.43,1466.76,1468.73,3110.63013,2021,3,5
2021-03-05 16:55:00+00:00,1468.75,1479.66,1467.39,1477.98,3844.36312,2021,3,5
2021-03-05 17:00:00+00:00,1477.95,1488.19,1476.03,1485.98,4094.55465,2021,3,5
2021-03-05 17:05:00+00:00,1485.97,1486.64,1474.01,1474.59,4497.83816,2021,3,5
2021-03-05 17:10:00+00:00,1474.58,1483.73,1474.57,1483.63,2329.59615,2021,3,5
2021-03-05 17:15:00+00:00,1483.65,1494.22,1483.16,1494.15,3905.5415,2021,3,5
2021-03-05 17:20:00+00:00,1494.23,1496.89,1488.19,1496.81,3470.64693,2021,3,5
2021-03-05 17:25:00+00:00,1496.81,1502.26,1495.0,1497.62,8046.8386,2021,3,5
2021-03-05 17:30:00+00:00,1497.62,1502.11,1495.91,1496.16,3892.77968,2021,3,5
2021-03-05 17:35:00+00:00,1496.14,1503.79,1491.64,1501.99,3515.69187,2021,3,5
2021-03-05 17:40:00+00:00,1502.47,1504.96,1498.24,1502.02,2597.11375,2021,3,5
2021-03-05 17:45:00+00:00,1502.2,1508.0,1500.1,1506.71,3221.14623,2021,3,5
2021-03-05 17:50:00+00:00,1506.96,1507.25,1502.15,1503.74,2737.98292,2021,3,5
2021-03-05 17:55:00+00:00,1503.69,1509.24,1503.35,1507.11,2277.02342,2021,3,5
2021-03-05 18:00:00+00:00,1507.11,1515.97,1503.33,1507.27,6133.13949,2021,3,5
2021-03-05 18:05:00+00:00,1507.32,1513.76,1505.7,1512.78,3004.64442,2021,3,5
2021-03-05 18:10:00+00:00,1513.1,1521.62,1508.82,1518.85,7900.39968,2021,3,5
2021-03-05 18:15:00+00:00,1518.64,1524.0,1516.8,1523.99,4059.73686,2021,3,5
2021-03-05 18:20:00+00:00,1524.0,1527.5,1519.81,1520.37,4816.42945,2021,3,5
2021-03-05 18:25:00+00:00,1520.38,1530.42,1520.0,1524.74,4266.92018,2021,3,5
2021-03-05 18:30:00+00:00,1524.99,1525.35,1512.67,1518.37,3062.25329,2021,3,5
2021-03-05 18:35:00+00:00,1518.31,1524.49,1517.63,1522.35,2175.79581,2021,3,5
2021-03-05 18:40:00+00:00,1522.53,1525.0,1518.0,1522.54,4872.65769,2021,3,5
2021-03-05 18:45:00+00:00,1522.53,1524.39,1518.13,1520.83,2799.2042,2021,3,5
2021-03-05 18:50:00+00:00,1520.76,1522.93,1514.5,1515.61,2354.53849,2021,3,5
2021-03-05 18:55:00+00:00,1515.66,1521.85,1515.4,1521.66,2710.34278,2021,3,5
2021-03-05 19:00:00+00:00,1521.65,1523.6,1519.02,1522.47,2525.26122,2021,3,5
2021-03-05 19:05:00+00:00,1522.47,1523.21,1519.11,1519.41,1462.7755,2021,3,5
2021-03-05 19:10:00+00:00,1519.41,1521.87,1516.93,1521.87,1702.86423,2021,3,5
2021-03-05 19:15:00+00:00,1521.86,1523.0,1516.71,1518.82,1874.11113,2021,3,5
2021-03-05 19:20:00+00:00,1518.84,1528.67,1518.02,1528.65,2243.12667,2021,3,5
2021-03-05 19:25:00+00:00,1528.34,1536.77,1526.9,1536.02,6295.22316,2021,3,5
2021-03-05 19:30:00+00:00,1536.02,1536.89,1527.89,1529.34,3470.69104,2021,3,5
2021-03-05 19:35:00+00:00,1529.14,1531.26,1525.16,1525.46,1993.00768,2021,3,5
2021-03-05 19:40:00+00:00,1525.73,1528.92,1525.0,1526.75,2602.64697,2021,3,5
2021-03-05 19:45:00+00:00,1526.73,1531.44,1526.73,1529.47,1905.23791,2021,3,5
2021-03-05 19:50:00+00:00,1529.57,1535.8,1528.54,1534.05,2306.75656,2021,3,5
2021-03-05 19:55:00+00:00,1534.17,1537.64,1532.21,1533.58,3263.96609,2021,3,5
2021-03-05 20:00:00+00:00,1533.58,1538.46,1529.89,1531.35,4007.15229,2021,3,5
2021-03-05 20:05:00+00:00,1531.35,1537.59,1526.08,1526.09,4005.13053,2021,3,5
2021-03-05 20:10:00+00:00,1526.09,1533.42,1525.64,1530.0,2054.05072,2021,3,5
2021-03-05 20:15:00+00:00,1530.0,1534.43,1526.21,1528.2,2413.34641,2021,3,5
2021-03-05 20:20:00+00:00,1528.26,1532.78,1526.59,1532.45,2701.93673,2021,3,5
2021-03-05 20:25:00+00:00,1532.46,1536.0,1531.54,1535.86,2672.30877,2021,3,5
2021-03-05 20:30:00+00:00,1535.69,1537.15,1531.12,1532.0,2237.04632,2021,3,5
2021-03-05 20:35:00+00:00,1532.01,1536.36,1531.53,1536.34,1634.63971,2021,3,5
2021-03-05 20:40:00+00:00,1536.34,1537.3,1530.4,1531.46,1967.69229,2021,3,5
2021-03-05 20:45:00+00:00,1531.52,1531.74,1526.09,1529.29,2511.02877,2021,3,5
2021-03-05 20:50:00+00:00,1529.13,1533.48,1527.33,1531.34,1403.1383,2021,3,5
2021-03-05 20:55:00+00:00,1531.27,1533.53,1528.21,1533.36,1313.27527,2021,3,5
2021-03-05 21:00:00+00:00,1533.37,1544.02,1533.35,1543.99,4743.07965,2021,3,5
2021-03-05 21:05:00+00:00,1543.99,1548.0,1542.46,1543.44,3629.43366,2021,3,5
2021-03-05 21:10:00+00:00,1543.24,1543.5,1534.4,1536.0,2240.45269,2021,3,5
2021-03-05 21:15:00+00:00,1536.3,1539.0,1530.65,1531.46,2310.16631,2021,3,5
2021-03-05 21:20:00+00:00,1531.46,1536.35,1530.98,1532.79,1573.83982,2021,3,5
2021-03-05 21:25:00+00:00,1532.78,1533.77,1528.51,1530.42,1759.07051,2021,3,5
2021-03-05 21:30:00+00:00,1530.43,1532.65,1528.49,1529.47,1404.40757,2021,3,5
2021-03-05 21:35:00+00:00,1529.46,1532.66,1528.27,1532.65,1165.91784,2021,3,5
2021-03-05 21:40:00+00:00,1532.65,1533.73,1530.15,1532.39,1938.78386,2021,3,5
2021-03-05 21:45:00+00:00,1532.39,1533.42,1529.72,1531.27,1613.80639,2021,3,5
2021-03-05 21:50:00+00:00,1531.27,1536.88,1530.02,1535.82,1812.13,2021,3,5
2021-03-05 21:55:00+00:00,1535.61,1536.0,1531.26,1531.68,904.88081,2021,3,5
2021-03-05 22:00:00+00:00,1531.56,1543.21,1531.46,1538.87,2332.77731,2021,3,5
2021-03-05 22:05:00+00:00,1539.11,1548.96,1538.71,1545.64,2843.36724,2021,3,5
2021-03-05 22:10:00+00:00,1545.62,1548.87,1545.02,1545.11,1575.00603,2021,3,5
2021-03-05 22:15:00+00:00,1545.03,1547.52,1542.68,1545.07,1576.83415,2021,3,5
2021-03-05 22:20:00+00:00,1545.09,1545.8,1542.06,1542.61,1680.83485,2021,3,5
2021-03-05 22:25:00+00:00,1542.6,1543.05,1539.7,1540.09,843.53834,2021,3,5
2021-03-05 22:30:00+00:00,1539.99,1540.09,1528.8,1532.86,2111.79008,2021,3,5
2021-03-05 22:35:00+00:00,1532.91,1540.47,1532.7,1537.12,1691.32417,2021,3,5
2021-03-05 22:40:00+00:00,1537.03,1546.98,1537.01,1546.95,1482.98901,2021,3,5
2021-03-05 22:45:00+00:00,1546.95,1548.3,1539.51,1540.32,2233.32695,2021,3,5
2021-03-05 22:50:00+00:00,1540.33,1541.64,1538.13,1539.56,1286.68733,2021,3,5
2021-03-05 22:55:00+00:00,1539.49,1539.49,1535.75,1536.38,1467.45673,2021,3,5
2021-03-05 23:00:00+00:00,1536.25,1540.68,1535.38,1538.4,1561.97071,2021,3,5
2021-03-05 23:05:00+00:00,1538.5,1538.71,1527.5,1529.64,3114.89002,2021,3,5
2021-03-05 23:10:00+00:00,1529.75,1534.22,1528.52,1531.19,2263.05719,2021,3,5
2021-03-05 23:15:00+00:00,1531.25,1533.72,1529.21,1532.94,1918.10253,2021,3,5
2021-03-05 23:20:00+00:00,1532.94,1532.94,1530.01,1531.82,1663.98081,2021,3,5
2021-03-05 23:25:00+00:00,1531.89,1532.13,1523.43,1529.54,3808.00732,2021,3,5
2021-03-05 23:30:00+00:00,1529.4,1530.7,1526.21,1527.4,2015.76791,2021,3,5
2021-03-05 23:35:00+00:00,1527.21,1530.0,1526.23,1529.16,2151.08629,2021,3,5
2021-03-05 23:40:00+00:00,1529.21,1530.0,1527.34,1529.77,1837.75804,2021,3,5
2021-03-05 23:45:00+00:00,1529.8,1533.16,1528.8,1531.72,3780.51324,2021,3,5
2021-03-05 23:50:00+00:00,1531.72,1533.2,1530.86,1531.77,1523.04824,2021,3,5
2021-03-05 23:55:00+00:00,1531.61,1535.23,1527.27,1528.31,1502.36947,2021,3,5
2021-03-06 00:00:00+00:00,1528.08,1540.0,1526.92,1538.67,4267.19778,2021,3,6
2021-03-06 00:05:00+00:00,1538.49,1546.45,1538.49,1539.47,5479.88129,2021,3,6
2021-03-06 00:10:00+00:00,1539.47,1546.03,1536.07,1545.29,2039.74899,2021,3,6
2021-03-06 00:15:00+00:00,1545.46,1545.61,1539.8,1541.2,1423.46713,2021,3,6
2021-03-06 00:20:00+00:00,1541.2,1545.52,1541.2,1544.0,1625.54781,2021,3,6
2021-03-06 00:25:00+00:00,1544.37,1549.19,1543.62,1548.29,2775.65651,2021,3,6
2021-03-06 00:30:00+00:00,1548.29,1548.99,1544.53,1546.56,1338.04414,2021,3,6
2021-03-06 00:35:00+00:00,1546.56,1547.95,1543.4,1544.33,1169.87812,2021,3,6
2021-03-06 00:40:00+00:00,1544.33,1544.99,1543.27,1543.36,1432.63098,2021,3,6
2021-03-06 00:45:00+00:00,1543.36,1544.7,1537.16,1538.71,1185.63466,2021,3,6
2021-03-06 00:50:00+00:00,1538.72,1540.6,1532.43,1533.79,1874.3212,2021,3,6
2021-03-06 00:55:00+00:00,1533.82,1542.8,1533.82,1542.0,1202.69077,2021,3,6
2021-03-06 01:00:00+00:00,1542.0,1546.94,1539.3,1539.99,2129.07019,2021,3,6
2021-03-06 01:05:00+00:00,1540.0,1540.0,1532.6,1535.14,2140.78491,2021,3,6
2021-03-06 01:10:00+00:00,1534.95,1537.85,1533.41,1535.01,1120.68521,2021,3,6
2021-03-06 01:15:00+00:00,1535.0,1537.53,1534.12,1535.71,1267.91844,2021,3,6
2021-03-06 01:20:00+00:00,1535.71,1536.36,1533.46,1534.14,1155.71955,2021,3,6
2021-03-06 01:25:00+00:00,1534.15,1535.67,1531.34,1532.44,1076.61895,2021,3,6
2021-03-06 01:30:00+00:00,1532.48,1534.43,1529.61,1529.95,1160.07902,2021,3,6
2021-03-06 01:35:00+00:00,1529.69,1536.0,1529.41,1535.66,1864.04359,2021,3,6
2021-03-06 01:40:00+00:00,1535.66,1536.55,1533.3,1533.31,870.82845,2021,3,6
2021-03-06 01:45:00+00:00,1533.3,1539.24,1532.55,1535.03,1432.41763,2021,3,6
2021-03-06 01:50:00+00:00,1534.71,1539.57,1534.7,1535.28,1205.36775,2021,3,6
2021-03-06 01:55:00+00:00,1535.27,1537.7,1533.6,1534.7,274.95192,2021,3,6
2021-03-06 03:30:00+00:00,1534.62,1534.62,1523.39,1527.21,1915.44216,2021,3,6
2021-03-06 03:35:00+00:00,1527.3,1527.3,1523.0,1526.4,959.12744,2021,3,6
2021-03-06 03:40:00+00:00,1526.4,1529.23,1518.29,1527.62,3089.61298,2021,3,6
2021-03-06 03:45:00+00:00,1527.44,1533.48,1526.43,1533.27,1066.71299,2021,3,6
2021-03-06 03:50:00+00:00,1533.5,1534.55,1528.28,1529.31,986.43684,2021,3,6
2021-03-06 03:55:00+00:00,1529.31,1533.77,1527.19,1531.7,1105.32327,2021,3,6
2021-03-06 04:00:00+00:00,1531.73,1532.76,1523.37,1523.54,1530.75252,2021,3,6
2021-03-06 04:05:00+00:00,1523.55,1527.97,1520.98,1526.16,2738.34329,2021,3,6
2021-03-06 04:10:00+00:00,1526.13,1530.0,1525.0,1529.69,1436.03134,2021,3,6
2021-03-06 04:15:00+00:00,1529.48,1530.13,1522.3,1522.7,2365.80303,2021,3,6
2021-03-06 04:20:00+00:00,1522.7,1524.69,1520.05,1524.44,1963.80886,2021,3,6
2021-03-06 04:25:00+00:00,1524.27,1524.99,1521.17,1524.64,1124.30884,2021,3,6
2021-03-06 04:30:00+00:00,1524.81,1528.16,1524.81,1527.92,841.73077,2021,3,6
2021-03-06 04:35:00+00:00,1527.62,1529.31,1524.89,1529.31,1010.80444,2021,3,6
2021-03-06 04:40:00+00:00,1529.26,1529.26,1525.0,1525.47,1053.82439,2021,3,6
2021-03-06 04:45:00+00:00,1525.49,1528.65,1524.7,1527.56,1204.14108,2021,3,6
2021-03-06 04:50:00+00:00,1527.48,1529.71,1524.89,1529.46,946.44505,2021,3,6
2021-03-06 04:55:00+00:00,1529.55,1530.94,1528.06,1529.28,1210.00255,2021,3,6
2021-03-06 05:00:00+00:00,1529.13,1533.4,1528.1,1531.01,1314.11903,2021,3,6
2021-03-06 05:05:00+00:00,1531.01,1531.15,1524.06,1524.16,1375.74028,2021,3,6
2021-03-06 05:10:00+00:00,1524.14,1527.33,1522.29,1524.05,2300.1933,2021,3,6
2021-03-06 05:15:00+00:00,1524.04,1528.41,1523.64,1526.63,1020.22757,2021,3,6
2021-03-06 05:20:00+00:00,1526.64,1529.0,1525.5,1528.37,976.29482,2021,3,6
2021-03-06 05:25:00+00:00,1528.38,1536.91,1528.38,1535.27,4302.73363,2021,3,6
2021-03-06 05:30:00+00:00,1535.28,1557.0,1535.27,1556.82,9474.36832,2021,3,6
2021-03-06 05:35:00+00:00,1556.91,1566.0,1554.56,1561.85,9734.44716,2021,3,6
2021-03-06 05:40:00+00:00,1561.63,1569.0,1561.0,1567.69,6774.42905,2021,3,6
2021-03-06 05:45:00+00:00,1567.61,1567.81,1562.85,1564.82,4556.61193,2021,3,6
2021-03-06 05:50:00+00:00,1564.82,1565.47,1557.69,1565.0,4309.92182,2021,3,6
2021-03-06 05:55:00+00:00,1565.0,1575.0,1565.0,1574.67,11076.11995,2021,3,6
2021-03-06 06:00:00+00:00,1574.82,1588.33,1574.82,1587.35,11698.57408,2021,3,6
2021-03-06 06:05:00+00:00,1587.23,1587.33,1578.63,1581.98,3635.1557,2021,3,6
2021-03-06 06:10:00+00:00,1582.09,1584.13,1578.77,1580.77,2960.61431,2021,3,6
2021-03-06 06:15:00+00:00,1580.48,1587.41,1579.51,1580.26,4233.33322,2021,3,6
2021-03-06 06:20:00+00:00,1580.2,1581.48,1577.48,1579.82,2157.19709,2021,3,6
2021-03-06 06:25:00+00:00,1579.73,1580.0,1574.92,1575.42,4284.72195,2021,3,6
2021-03-06 06:30:00+00:00,1575.46,1579.0,1570.22,1573.24,4222.99279,2021,3,6
2021-03-06 06:35:00+00:00,1573.21,1579.0,1573.19,1578.55,1892.09833,2021,3,6
2021-03-06 06:40:00+00:00,1578.9,1580.0,1575.35,1576.0,2415.31373,2021,3,6
2021-03-06 06:45:00+00:00,1575.7,1579.25,1575.69,1577.48,1391.64643,2021,3,6
2021-03-06 06:50:00+00:00,1577.48,1580.0,1575.98,1577.57,2909.86947,2021,3,6
2021-03-06 06:55:00+00:00,1577.58,1578.99,1576.04,1578.37,1224.48801,2021,3,6
2021-03-06 07:00:00+00:00,1578.37,1581.5,1578.28,1578.61,2571.97755,2021,3,6
2021-03-06 07:05:00+00:00,1578.62,1584.98,1578.01,1583.28,2534.57621,2021,3,6
2021-03-06 07:10:00+00:00,1583.28,1584.93,1575.65,1580.47,4204.43752,2021,3,6
2021-03-06 07:15:00+00:00,1580.34,1583.62,1580.2,1583.39,1662.84279,2021,3,6
2021-03-06 07:20:00+00:00,1583.5,1592.77,1583.49,1591.49,6230.36481,2021,3,6
2021-03-06 07:25:00+00:00,1591.49,1591.49,1583.0,1583.64,2831.77993,2021,3,6
2021-03-06 07:30:00+00:00,1583.7,1585.42,1580.0,1581.6,2048.11996,2021,3,6
2021-03-06 07:35:00+00:00,1581.6,1585.43,1580.94,1583.24,2564.53635,2021,3,6
2021-03-06 07:40:00+00:00,1583.26,1584.41,1581.51,1582.64,1297.10494,2021,3,6
2021-03-06 07:45:00+00:00,1582.67,1585.0,1582.04,1582.86,1833.0169,2021,3,6
2021-03-06 07:50:00+00:00,1582.86,1586.0,1582.54,1585.0,2726.08657,2021,3,6
2021-03-06 07:55:00+00:00,1585.01,1592.0,1582.31,1589.31,3596.94933,2021,3,6
2021-03-06 08:00:00+00:00,1589.7,1597.43,1589.7,1595.52,7681.57221,2021,3,6
2021-03-06 08:05:00+00:00,1595.5,1597.0,1588.35,1591.83,4366.24978,2021,3,6
2021-03-06 08:10:00+00:00,1591.83,1597.96,1589.35,1596.52,5355.9702,2021,3,6
2021-03-06 08:15:00+00:00,1596.52,1598.0,1591.66,1593.0,3960.89568,2021,3,6
2021-03-06 08:20:00+00:00,1593.0,1595.57,1592.0,1592.46,2558.43794,2021,3,6
2021-03-06 08:25:00+00:00,1592.45,1594.0,1583.76,1584.26,2730.48585,2021,3,6
2021-03-06 08:30:00+00:00,1584.21,1591.12,1584.16,1588.77,3458.07874,2021,3,6
2021-03-06 08:35:00+00:00,1588.71,1590.39,1585.72,1585.93,2197.09946,2021,3,6
2021-03-06 08:40:00+00:00,1585.93,1586.99,1574.76,1578.13,5300.62906,2021,3,6
2021-03-06 08:45:00+00:00,1578.14,1581.29,1574.08,1581.0,3744.69185,2021,3,6
2021-03-06 08:50:00+00:00,1581.01,1583.47,1578.21,1578.89,4179.54378,2021,3,6
2021-03-06 08:55:00+00:00,1578.9,1580.31,1573.99,1574.99,5130.97653,2021,3,6
2021-03-06 09:00:00+00:00,1575.0,1580.96,1573.44,1580.29,6506.17954,2021,3,6
2021-03-06 09:05:00+00:00,1580.29,1583.49,1580.01,1581.35,2223.56227,2021,3,6
2021-03-06 09:10:00+00:00,1581.26,1582.0,1579.14,1579.15,1340.20785,2021,3,6
2021-03-06 09:15:00+00:00,1579.08,1582.97,1578.35,1579.54,1720.14222,2021,3,6
2021-03-06 09:20:00+00:00,1579.81,1579.94,1574.45,1575.28,2451.23023,2021,3,6
2021-03-06 09:25:00+00:00,1575.07,1578.79,1572.94,1574.56,3316.90033,2021,3,6
2021-03-06 09:30:00+00:00,1574.56,1579.43,1573.35,1578.3,2137.41609,2021,3,6
2021-03-06 09:35:00+00:00,1578.3,1579.2,1574.08,1575.21,2262.4955,2021,3,6
2021-03-06 09:40:00+00:00,1575.22,1575.51,1565.0,1567.64,4891.39776,2021,3,6
2021-03-06 09:45:00+00:00,1567.64,1568.76,1562.15,1566.13,4976.67332,2021,3,6
2021-03-06 09:50:00+00:00,1566.12,1570.84,1565.08,1568.67,3179.99685,2021,3,6
2021-03-06 09:55:00+00:00,1568.68,1569.0,1562.15,1564.03,3263.72858,2021,3,6
2021-03-06 10:00:00+00:00,1564.17,1571.73,1562.33,1571.15,2269.21008,2021,3,6
2021-03-06 10:05:00+00:00,1571.15,1575.0,1570.33,1573.4,1975.17854,2021,3,6
2021-03-06 10:10:00+00:00,1573.4,1576.47,1572.68,1573.42,3344.87659,2021,3,6
2021-03-06 10:15:00+00:00,1573.43,1575.0,1571.17,1574.74,3062.58134,2021,3,6
2021-03-06 10:20:00+00:00,1574.7,1574.83,1569.01,1569.23,1694.69236,2021,3,6
2021-03-06 10:25:00+00:00,1569.21,1572.29,1568.72,1571.99,2153.30193,2021,3,6
2021-03-06 10:30:00+00:00,1571.99,1572.86,1568.74,1572.76,1893.70581,2021,3,6
2021-03-06 10:35:00+00:00,1572.76,1574.82,1568.31,1568.69,1874.78879,2021,3,6
2021-03-06 10:40:00+00:00,1568.69,1572.0,1568.0,1569.81,1348.42287,2021,3,6
2021-03-06 10:45:00+00:00,1569.81,1569.81,1563.0,1564.59,2312.10154,2021,3,6
2021-03-06 10:50:00+00:00,1564.55,1568.0,1563.51,1564.45,2518.402,2021,3,6
2021-03-06 10:55:00+00:00,1564.24,1566.43,1560.13,1563.93,5884.2592,2021,3,6
2021-03-06 11:00:00+00:00,1563.94,1569.05,1561.72,1569.01,2335.15848,2021,3,6
2021-03-06 11:05:00+00:00,1569.02,1571.68,1567.37,1568.66,2465.42839,2021,3,6
2021-03-06 11:10:00+00:00,1568.74,1568.75,1565.2,1566.89,1442.73771,2021,3,6
2021-03-06 11:15:00+00:00,1566.9,1568.01,1564.01,1567.64,2155.16018,2021,3,6
2021-03-06 11:20:00+00:00,1567.61,1567.78,1565.02,1566.23,1382.80014,2021,3,6
2021-03-06 11:25:00+00:00,1566.15,1566.15,1560.6,1564.64,2440.39472,2021,3,6
2021-03-06 11:30:00+00:00,1564.59,1565.81,1561.1,1562.55,1703.04039,2021,3,6
2021-03-06 11:35:00+00:00,1562.9,1562.9,1557.03,1559.04,2948.11227,2021,3,6
2021-03-06 11:40:00+00:00,1559.11,1564.66,1558.82,1560.29,3110.78406,2021,3,6
2021-03-06 11:45:00+00:00,1560.3,1563.98,1559.27,1562.8,1759.70691,2021,3,6
2021-03-06 11:50:00+00:00,1562.81,1566.07,1562.67,1565.0,1926.42853,2021,3,6
2021-03-06 11:55:00+00:00,1565.0,1565.9,1563.38,1564.07,2126.23108,2021,3,6
2021-03-06 12:00:00+00:00,1564.08,1566.05,1551.81,1551.82,7090.84925,2021,3,6
2021-03-06 12:05:00+00:00,1551.82,1554.93,1549.35,1550.16,6474.20576,2021,3,6
2021-03-06 12:10:00+00:00,1550.16,1554.94,1542.7,1546.42,8256.57277,2021,3,6
2021-03-06 12:15:00+00:00,1546.42,1548.3,1540.61,1547.14,6536.67631,2021,3,6
2021-03-06 12:20:00+00:00,1547.09,1550.0,1544.69,1550.0,4674.92686,2021,3,6
2021-03-06 12:25:00+00:00,1550.0,1551.29,1547.18,1549.03,3583.66265,2021,3,6
2021-03-06 12:30:00+00:00,1549.02,1550.99,1545.16,1547.95,2792.80647,2021,3,6
2021-03-06 12:35:00+00:00,1547.74,1552.0,1547.74,1551.99,2178.96572,2021,3,6
2021-03-06 12:40:00+00:00,1551.99,1554.06,1549.3,1552.99,1857.71811,2021,3,6
2021-03-06 12:45:00+00:00,1553.01,1553.01,1548.02,1548.7,1828.10272,2021,3,6
2021-03-06 12:50:00+00:00,1548.78,1550.84,1543.01,1544.38,2921.36933,2021,3,6
2021-03-06 12:55:00+00:00,1544.65,1544.65,1534.29,1542.18,5370.80219,2021,3,6
2021-03-06 13:00:00+00:00,1542.19,1543.81,1536.81,1541.99,3085.39169,2021,3,6
2021-03-06 13:05:00+00:00,1542.0,1542.0,1531.42,1532.66,4257.60289,2021,3,6
2021-03-06 13:10:00+00:00,1532.65,1535.0,1528.4,1529.06,5057.42125,2021,3,6
2021-03-06 13:15:00+00:00,1529.05,1530.39,1523.03,1527.28,6286.47106,2021,3,6
2021-03-06 13:20:00+00:00,1527.36,1531.73,1521.0,1524.04,4144.64221,2021,3,6
2021-03-06 13:25:00+00:00,1524.01,1524.03,1513.03,1520.32,7705.30441,2021,3,6
2021-03-06 13:30:00+00:00,1520.32,1527.83,1518.88,1527.64,3364.86884,2021,3,6
2021-03-06 13:35:00+00:00,1527.67,1530.87,1524.39,1528.46,3097.82364,2021,3,6
2021-03-06 13:40:00+00:00,1528.46,1529.84,1522.61,1527.93,2646.54946,2021,3,6
2021-03-06 13:45:00+00:00,1527.94,1531.92,1526.66,1529.24,2862.67006,2021,3,6
2021-03-06 13:50:00+00:00,1529.23,1535.35,1525.48,1534.53,3555.00201,2021,3,6
2021-03-06 13:55:00+00:00,1534.55,1534.69,1528.22,1528.55,1488.9349,2021,3,6
2021-03-06 14:00:00+00:00,1528.55,1534.47,1525.45,1534.06,2813.4641,2021,3,6
2021-03-06 14:05:00+00:00,1534.07,1546.93,1532.9,1543.51,4935.49193,2021,3,6
2021-03-06 14:10:00+00:00,1543.98,1544.23,1537.18,1538.73,3078.99776,2021,3,6
2021-03-06 14:15:00+00:00,1538.95,1542.76,1538.54,1538.73,2329.29417,2021,3,6
2021-03-06 14:20:00+00:00,1538.73,1539.6,1537.33,1538.84,1821.74563,2021,3,6
2021-03-06 14:25:00+00:00,1538.92,1544.4,1538.01,1542.19,2332.79402,2021,3,6
2021-03-06 14:30:00+00:00,1542.26,1544.63,1539.31,1544.63,3474.7811,2021,3,6
2021-03-06 14:35:00+00:00,1544.63,1547.44,1540.24,1541.57,3191.71693,2021,3,6
2021-03-06 14:40:00+00:00,1541.58,1541.92,1538.94,1540.04,1667.90669,2021,3,6
2021-03-06 14:45:00+00:00,1540.13,1545.95,1539.45,1543.53,1937.82282,2021,3,6
2021-03-06 14:50:00+00:00,1543.54,1545.2,1540.83,1545.06,2126.50056,2021,3,6
2021-03-06 14:55:00+00:00,1545.06,1545.64,1541.43,1541.65,1477.90196,2021,3,6
2021-03-06 15:00:00+00:00,1541.57,1544.33,1540.2,1542.45,2039.56372,2021,3,6
2021-03-06 15:05:00+00:00,1542.46,1545.39,1542.15,1545.38,1257.31613,2021,3,6
2021-03-06 15:10:00+00:00,1545.38,1549.91,1544.51,1546.68,2275.22854,2021,3,6
2021-03-06 15:15:00+00:00,1546.68,1546.85,1540.17,1543.18,2334.03308,2021,3,6
2021-03-06 15:20:00+00:00,1543.22,1545.49,1541.92,1544.03,1135.25431,2021,3,6
2021-03-06 15:25:00+00:00,1544.03,1547.82,1542.35,1547.11,2272.28568,2021,3,6
2021-03-06 15:30:00+00:00,1547.31,1547.63,1543.15,1545.97,2323.09021,2021,3,6
2021-03-06 15:35:00+00:00,1545.97,1549.99,1545.97,1549.87,1896.50302,2021,3,6
2021-03-06 15:40:00+00:00,1549.86,1557.0,1548.0,1555.36,3948.70692,2021,3,6
2021-03-06 15:45:00+00:00,1555.36,1556.67,1551.66,1553.12,3050.40877,2021,3,6
2021-03-06 15:50:00+00:00,1553.12,1553.28,1547.32,1547.76,2647.01878,2021,3,6
2021-03-06 15:55:00+00:00,1547.71,1549.4,1542.91,1544.41,3592.54809,2021,3,6
2021-03-06 16:00:00+00:00,1544.0,1560.59,1540.62,1558.84,9908.74237,2021,3,6
2021-03-06 16:05:00+00:00,1558.85,1568.54,1558.47,1568.31,6918.41655,2021,3,6
2021-03-06 16:10:00+00:00,1568.3,1574.77,1561.95,1574.52,7921.73127,2021,3,6
2021-03-06 16:15:00+00:00,1574.51,1588.66,1574.04,1582.7,15680.52168,2021,3,6
2021-03-06 16:20:00+00:00,1582.7,1582.87,1576.8,1577.57,6703.98909,2021,3,6
2021-03-06 16:25:00+00:00,1577.56,1583.3,1577.5,1580.34,4850.13017,2021,3,6
2021-03-06 16:30:00+00:00,1580.35,1587.54,1575.64,1578.8,6069.9613,2021,3,6
2021-03-06 16:35:00+00:00,1578.84,1580.0,1572.66,1573.37,4096.5386,2021,3,6
2021-03-06 16:40:00+00:00,1573.37,1576.83,1571.42,1575.78,3789.16151,2021,3,6
2021-03-06 16:45:00+00:00,1575.79,1579.35,1573.37,1577.44,3257.73571,2021,3,6
2021-03-06 16:50:00+00:00,1577.29,1579.85,1575.51,1579.0,3089.00215,2021,3,6
2021-03-06 16:55:00+00:00,1578.89,1581.02,1576.36,1580.2,2768.70259,2021,3,6
2021-03-06 17:00:00+00:00,1580.23,1590.0,1576.7,1579.35,6263.51507,2021,3,6
2021-03-06 17:05:00+00:00,1579.35,1585.5,1578.36,1585.48,2516.11873,2021,3,6
2021-03-06 17:10:00+00:00,1585.31,1589.68,1581.5,1588.58,3712.05485,2021,3,6
2021-03-06 17:15:00+00:00,1588.51,1594.0,1587.0,1592.64,4895.75464,2021,3,6
2021-03-06 17:20:00+00:00,1592.33,1593.42,1589.04,1593.42,4192.04855,2021,3,6
2021-03-06 17:25:00+00:00,1593.42,1598.88,1593.0,1598.58,7516.00378,2021,3,6
2021-03-06 17:30:00+00:00,1598.6,1606.7,1598.03,1600.01,14090.67526,2021,3,6
2021-03-06 17:35:00+00:00,1600.0,1600.91,1597.16,1600.89,5742.12551,2021,3,6
2021-03-06 17:40:00+00:00,1600.88,1600.89,1598.27,1598.91,2902.93998,2021,3,6
2021-03-06 17:45:00+00:00,1598.91,1599.5,1588.7,1591.25,6904.62574,2021,3,6
2021-03-06 17:50:00+00:00,1591.24,1596.9,1591.24,1594.91,3131.87318,2021,3,6
2021-03-06 17:55:00+00:00,1594.91,1603.12,1593.59,1600.98,3846.67232,2021,3,6
2021-03-06 18:00:00+00:00,1600.98,1611.28,1599.2,1610.16,11288.15888,2021,3,6
2021-03-06 18:05:00+00:00,1610.25,1616.47,1608.37,1615.57,6758.38633,2021,3,6
2021-03-06 18:10:00+00:00,1615.58,1621.0,1612.78,1616.82,7568.78198,2021,3,6
2021-03-06 18:15:00+00:00,1616.81,1617.3,1608.38,1610.28,4355.59662,2021,3,6
2021-03-06 18:20:00+00:00,1610.27,1612.78,1606.97,1611.49,4957.24569,2021,3,6
2021-03-06 18:25:00+00:00,1611.5,1611.8,1608.54,1611.53,3514.39455,2021,3,6
2021-03-06 18:30:00+00:00,1611.53,1618.63,1611.14,1616.45,7593.99183,2021,3,6
2021-03-06 18:35:00+00:00,1616.45,1616.45,1610.72,1612.37,3362.30298,2021,3,6
2021-03-06 18:40:00+00:00,1612.36,1617.73,1611.43,1614.99,3774.58307,2021,3,6
2021-03-06 18:45:00+00:00,1615.0,1615.0,1610.31,1613.87,2852.18335,2021,3,6
2021-03-06 18:50:00+00:00,1613.87,1614.36,1610.37,1613.91,2440.35874,2021,3,6
2021-03-06 18:55:00+00:00,1613.89,1617.72,1613.01,1615.63,4769.30214,2021,3,6
2021-03-06 19:00:00+00:00,1615.63,1616.4,1607.68,1610.0,5467.20473,2021,3,6
2021-03-06 19:05:00+00:00,1609.98,1615.0,1608.04,1614.65,3868.12076,2021,3,6
2021-03-06 19:10:00+00:00,1614.65,1617.9,1612.66,1616.57,4699.52164,2021,3,6
2021-03-06 19:15:00+00:00,1616.56,1617.62,1612.03,1615.03,3251.47606,2021,3,6
2021-03-06 19:20:00+00:00,1615.02,1618.56,1614.4,1614.41,2828.69155,2021,3,6
2021-03-06 19:25:00+00:00,1614.41,1616.67,1613.46,1616.66,2388.99076,2021,3,6
2021-03-06 19:30:00+00:00,1616.66,1627.85,1616.02,1624.21,9283.02115,2021,3,6
2021-03-06 19:35:00+00:00,1624.35,1626.25,1616.94,1620.43,3780.23518,2021,3,6
2021-03-06 19:40:00+00:00,1620.42,1621.0,1616.69,1620.7,3667.87985,2021,3,6
2021-03-06 19:45:00+00:00,1620.7,1624.75,1620.69,1624.0,2935.01559,2021,3,6
2021-03-06 19:50:00+00:00,1624.0,1626.0,1622.4,1622.6,2558.97731,2021,3,6
2021-03-06 19:55:00+00:00,1622.59,1623.0,1619.98,1620.71,3653.09404,2021,3,6
2021-03-06 20:00:00+00:00,1620.72,1633.17,1620.72,1628.23,9451.96785,2021,3,6
2021-03-06 20:05:00+00:00,1628.24,1636.99,1628.23,1633.21,7551.88093,2021,3,6
2021-03-06 20:10:00+00:00,1633.32,1640.0,1633.01,1639.45,6845.4996,2021,3,6
2021-03-06 20:15:00+00:00,1639.45,1645.42,1639.39,1644.96,8831.63954,2021,3,6
2021-03-06 20:20:00+00:00,1644.96,1648.8,1644.32,1646.49,7081.94106,2021,3,6
2021-03-06 20:25:00+00:00,1646.37,1646.94,1638.19,1643.78,7755.93697,2021,3,6
2021-03-06 20:30:00+00:00,1643.78,1651.8,1643.62,1651.61,11415.03311,2021,3,6
2021-03-06 20:35:00+00:00,1651.47,1654.66,1650.0,1650.09,6680.13207,2021,3,6
2021-03-06 20:40:00+00:00,1650.09,1651.29,1643.03,1646.4,8735.21856,2021,3,6
2021-03-06 20:45:00+00:00,1646.41,1646.41,1628.65,1640.99,13152.15457,2021,3,6
2021-03-06 20:50:00+00:00,1640.99,1645.04,1635.3,1642.64,6775.96767,2021,3,6
2021-03-06 20:55:00+00:00,1642.67,1654.35,1642.67,1653.09,6207.96504,2021,3,6
2021-03-06 21:00:00+00:00,1653.09,1670.0,1653.09,1667.98,14811.27462,2021,3,6
2021-03-06 21:05:00+00:00,1667.98,1669.0,1658.81,1659.17,10344.26916,2021,3,6
2021-03-06 21:10:00+00:00,1659.17,1662.21,1648.71,1649.04,6454.94272,2021,3,6
2021-03-06 21:15:00+00:00,1649.04,1652.54,1635.26,1637.73,7563.01106,2021,3,6
2021-03-06 21:20:00+00:00,1637.77,1648.54,1636.44,1643.54,4231.93492,2021,3,6
2021-03-06 21:25:00+00:00,1643.54,1644.19,1640.05,1642.88,2805.19103,2021,3,6
2021-03-06 21:30:00+00:00,1642.94,1654.32,1642.94,1649.41,4648.92174,2021,3,6
2021-03-06 21:35:00+00:00,1649.41,1650.94,1639.1,1640.44,3386.75906,2021,3,6
2021-03-06 21:40:00+00:00,1640.44,1648.08,1638.2,1646.3,2634.20807,2021,3,6
2021-03-06 21:45:00+00:00,1646.29,1646.89,1638.13,1640.69,3319.21912,2021,3,6
2021-03-06 21:50:00+00:00,1640.66,1646.24,1639.57,1641.01,3629.74822,2021,3,6
2021-03-06 21:55:00+00:00,1641.02,1643.71,1640.33,1642.97,2215.0562,2021,3,6
2021-03-06 22:00:00+00:00,1642.89,1648.87,1642.78,1644.99,3473.60419,2021,3,6
2021-03-06 22:05:00+00:00,1645.0,1654.97,1645.0,1645.87,6186.00341,2021,3,6
2021-03-06 22:10:00+00:00,1645.8,1647.39,1641.17,1641.57,1831.20297,2021,3,6
2021-03-06 22:15:00+00:00,1641.55,1644.71,1636.49,1644.18,1930.18479,2021,3,6
2021-03-06 22:20:00+00:00,1644.18,1652.01,1642.59,1647.2,2103.89532,2021,3,6
2021-03-06 22:25:00+00:00,1647.28,1650.34,1646.08,1647.46,1731.86502,2021,3,6
2021-03-06 22:30:00+00:00,1647.45,1665.67,1647.27,1665.33,6479.30152,2021,3,6
2021-03-06 22:35:00+00:00,1665.32,1667.0,1659.24,1661.78,3429.54799,2021,3,6
2021-03-06 22:40:00+00:00,1661.74,1662.16,1658.26,1659.01,2180.29,2021,3,6
2021-03-06 22:45:00+00:00,1659.02,1665.0,1658.99,1661.55,2337.18751,2021,3,6
2021-03-06 22:50:00+00:00,1661.55,1667.85,1661.53,1662.68,2428.56495,2021,3,6
2021-03-06 22:55:00+00:00,1662.78,1671.58,1662.44,1665.29,7092.03291,2021,3,6
2021-03-06 23:00:00+00:00,1665.29,1670.12,1663.79,1665.33,4015.84364,2021,3,6
2021-03-06 23:05:00+00:00,1665.33,1666.12,1660.85,1664.66,3915.6161,2021,3,6
2021-03-06 23:10:00+00:00,1664.38,1664.72,1653.88,1657.41,4000.88156,2021,3,6
2021-03-06 23:15:00+00:00,1657.41,1660.81,1656.0,1660.49,2605.09604,2021,3,6
2021-03-06 23:20:00+00:00,1660.41,1660.99,1655.17,1655.21,3651.01327,2021,3,6
2021-03-06 23:25:00+00:00,1655.21,1660.54,1654.18,1658.86,2953.73954,2021,3,6
2021-03-06 23:30:00+00:00,1658.54,1663.94,1658.54,1659.1,2849.34921,2021,3,6
2021-03-06 23:35:00+00:00,1659.1,1663.24,1658.14,1662.84,2610.75513,2021,3,6
2021-03-06 23:40:00+00:00,1662.83,1666.42,1661.61,1666.42,3341.87286,2021,3,6
2021-03-06 23:45:00+00:00,1666.41,1669.7,1656.66,1658.61,5032.64286,2021,3,6
2021-03-06 23:50:00+00:00,1658.61,1659.04,1655.35,1657.43,2498.73526,2021,3,6
2021-03-06 23:55:00+00:00,1657.36,1657.65,1642.38,1650.35,7158.66229,2021,3,6
2021-03-07 00:00:00+00:00,1650.68,1665.0,1650.37,1662.27,6541.45649,2021,3,7
2021-03-07 00:05:00+00:00,1662.27,1668.91,1661.96,1667.21,3940.42691,2021,3,7
2021-03-07 00:10:00+00:00,1666.99,1680.0,1666.9,1678.93,10193.98204,2021,3,7
2021-03-07 00:15:00+00:00,1679.77,1684.65,1672.0,1682.32,7781.94933,2021,3,7
2021-03-07 00:20:00+00:00,1682.02,1687.0,1682.02,1685.08,5503.58029,2021,3,7
2021-03-07 00:25:00+00:00,1685.13,1685.6,1676.86,1680.33,4217.62778,2021,3,7
2021-03-07 00:30:00+00:00,1680.36,1682.18,1675.46,1676.71,2886.8319,2021,3,7
2021-03-07 00:35:00+00:00,1677.0,1678.43,1669.59,1673.19,3801.00668,2021,3,7
2021-03-07 00:40:00+00:00,1673.26,1673.48,1663.19,1663.97,3413.08992,2021,3,7
2021-03-07 00:45:00+00:00,1663.93,1667.33,1660.18,1665.16,4154.63356,2021,3,7
2021-03-07 00:50:00+00:00,1665.01,1667.7,1661.88,1666.72,3019.82474,2021,3,7
2021-03-07 00:55:00+00:00,1666.73,1671.73,1665.53,1671.0,3282.65052,2021,3,7
2021-03-07 01:00:00+00:00,1670.99,1677.58,1670.99,1672.35,3627.00006,2021,3,7
2021-03-07 01:05:00+00:00,1672.35,1674.55,1663.21,1666.64,3671.98216,2021,3,7
2021-03-07 01:10:00+00:00,1666.51,1669.14,1665.12,1667.21,2356.20275,2021,3,7
2021-03-07 01:15:00+00:00,1667.36,1669.0,1661.34,1662.36,3132.6132,2021,3,7
2021-03-07 01:20:00+00:00,1662.36,1667.77,1662.35,1663.6,2188.32526,2021,3,7
2021-03-07 01:25:00+00:00,1663.7,1665.57,1659.61,1662.18,2810.3682,2021,3,7
2021-03-07 01:30:00+00:00,1662.34,1667.42,1662.25,1664.86,2670.94468,2021,3,7
2021-03-07 01:35:00+00:00,1664.85,1673.25,1664.56,1672.38,3188.03679,2021,3,7
2021-03-07 01:40:00+00:00,1672.24,1672.69,1667.4,1669.72,2677.45841,2021,3,7
2021-03-07 01:45:00+00:00,1669.84,1670.74,1653.71,1657.67,10336.48228,2021,3,7
2021-03-07 01:50:00+00:00,1657.84,1662.05,1645.76,1649.92,7001.55266,2021,3,7
2021-03-07 01:55:00+00:00,1649.93,1652.49,1636.09,1641.96,12580.01195,2021,3,7
2021-03-07 02:00:00+00:00,1642.25,1647.41,1640.49,1647.23,4396.35887,2021,3,7
2021-03-07 02:05:00+00:00,1647.24,1648.91,1643.79,1647.03,2341.87174,2021,3,7
2021-03-07 02:10:00+00:00,1647.21,1655.0,1647.21,1655.0,1988.96985,2021,3,7
2021-03-07 02:15:00+00:00,1654.98,1662.08,1653.98,1658.83,2916.00333,2021,3,7
2021-03-07 02:20:00+00:00,1658.74,1669.45,1658.74,1665.0,4365.03149,2021,3,7
2021-03-07 02:25:00+00:00,1665.0,1665.0,1656.42,1658.11,2133.63849,2021,3,7
2021-03-07 02:30:00+00:00,1658.11,1667.24,1658.11,1661.39,3143.99025,2021,3,7
2021-03-07 02:35:00+00:00,1661.29,1665.87,1659.58,1659.93,2689.03548,2021,3,7
2021-03-07 02:40:00+00:00,1660.01,1660.86,1654.86,1655.41,3193.54034,2021,3,7
2021-03-07 02:45:00+00:00,1655.41,1661.33,1653.12,1656.05,2869.48757,2021,3,7
2021-03-07 02:50:00+00:00,1656.0,1657.46,1652.07,1653.39,1968.68901,2021,3,7
2021-03-07 02:55:00+00:00,1653.4,1657.62,1652.32,1656.1,1735.85492,2021,3,7
2021-03-07 03:00:00+00:00,1656.15,1661.85,1656.06,1660.1,2070.75407,2021,3,7
2021-03-07 03:05:00+00:00,1660.1,1664.74,1659.55,1661.26,3070.81152,2021,3,7
2021-03-07 03:10:00+00:00,1661.11,1662.5,1650.34,1651.33,3797.9799,2021,3,7
2021-03-07 03:15:00+00:00,1651.21,1657.28,1651.21,1656.31,1365.04548,2021,3,7
2021-03-07 03:20:00+00:00,1656.32,1659.42,1655.79,1659.01,1532.62689,2021,3,7
2021-03-07 03:25:00+00:00,1658.96,1659.57,1654.76,1658.49,1400.79496,2021,3,7
2021-03-07 03:30:00+00:00,1658.48,1659.83,1654.2,1654.4,1645.5789,2021,3,7
2021-03-07 03:35:00+00:00,1654.41,1658.57,1654.0,1654.67,1584.96277,2021,3,7
2021-03-07 03:40:00+00:00,1654.67,1657.47,1651.88,1656.85,1529.11963,2021,3,7
2021-03-07 03:45:00+00:00,1656.85,1658.39,1652.26,1654.32,1493.49303,2021,3,7
2021-03-07 03:50:00+00:00,1654.32,1654.32,1644.99,1645.81,4642.08574,2021,3,7
2021-03-07 03:55:00+00:00,1645.81,1649.47,1642.26,1648.98,3642.54895,2021,3,7
2021-03-07 04:00:00+00:00,1648.99,1654.08,1648.99,1653.66,2448.13919,2021,3,7
2021-03-07 04:05:00+00:00,1653.66,1654.41,1651.65,1653.48,2302.48795,2021,3,7
2021-03-07 04:10:00+00:00,1653.49,1654.12,1649.75,1650.28,1735.95939,2021,3,7
2021-03-07 04:15:00+00:00,1650.2,1658.9,1650.02,1658.36,2170.53192,2021,3,7
2021-03-07 04:20:00+00:00,1658.33,1660.0,1650.39,1650.89,2874.52148,2021,3,7
2021-03-07 04:25:00+00:00,1651.0,1654.83,1646.93,1648.05,2628.40633,2021,3,7
2021-03-07 04:30:00+00:00,1647.94,1660.0,1647.94,1660.0,3633.17266,2021,3,7
2021-03-07 04:35:00+00:00,1659.99,1660.0,1653.3,1657.1,3332.99423,2021,3,7
2021-03-07 04:40:00+00:00,1657.13,1657.19,1652.27,1655.36,1567.66825,2021,3,7
2021-03-07 04:45:00+00:00,1655.48,1659.0,1654.82,1656.07,2060.43788,2021,3,7
2021-03-07 04:50:00+00:00,1656.07,1658.55,1655.74,1656.49,1132.2121,2021,3,7
2021-03-07 04:55:00+00:00,1656.48,1658.7,1655.72,1656.85,1080.87212,2021,3,7
2021-03-07 05:00:00+00:00,1656.85,1658.18,1650.68,1653.0,2377.971,2021,3,7
2021-03-07 05:05:00+00:00,1652.59,1653.81,1648.21,1651.24,2009.27227,2021,3,7
2021-03-07 05:10:00+00:00,1651.24,1653.5,1650.0,1650.4,1730.6557,2021,3,7
2021-03-07 05:15:00+00:00,1650.24,1654.48,1650.11,1653.36,1572.42694,2021,3,7
2021-03-07 05:20:00+00:00,1653.21,1661.02,1653.21,1656.57,3425.7586,2021,3,7
2021-03-07 05:25:00+00:00,1656.58,1658.89,1653.71,1658.29,2395.03978,2021,3,7
2021-03-07 05:30:00+00:00,1658.26,1658.37,1650.0,1656.23,2275.72792,2021,3,7
2021-03-07 05:35:00+00:00,1656.06,1667.83,1652.43,1667.63,3966.94906,2021,3,7
2021-03-07 05:40:00+00:00,1667.66,1668.0,1662.95,1666.37,2575.98511,2021,3,7
2021-03-07 05:45:00+00:00,1666.38,1668.43,1662.44,1663.82,1870.20146,2021,3,7
2021-03-07 05:50:00+00:00,1663.58,1664.29,1661.58,1662.86,1254.68004,2021,3,7
2021-03-07 05:55:00+00:00,1662.84,1664.76,1662.28,1663.31,1179.28172,2021,3,7
2021-03-07 06:00:00+00:00,1663.31,1665.85,1656.59,1656.77,2034.45836,2021,3,7
2021-03-07 06:05:00+00:00,1656.69,1657.99,1651.21,1655.04,2263.03438,2021,3,7
2021-03-07 06:10:00+00:00,1654.88,1659.39,1654.26,1654.37,1397.0247,2021,3,7
2021-03-07 06:15:00+00:00,1654.38,1655.99,1650.55,1653.68,1712.48867,2021,3,7
2021-03-07 06:20:00+00:00,1653.67,1657.5,1653.43,1655.38,1900.13559,2021,3,7
2021-03-07 06:25:00+00:00,1655.51,1659.63,1655.38,1657.31,1368.97339,2021,3,7
2021-03-07 06:30:00+00:00,1657.31,1662.76,1657.31,1661.0,1736.2332,2021,3,7
2021-03-07 06:35:00+00:00,1661.03,1665.95,1660.13,1664.78,1567.50912,2021,3,7
2021-03-07 06:40:00+00:00,1664.97,1668.03,1662.96,1666.44,2708.09616,2021,3,7
2021-03-07 06:45:00+00:00,1666.4,1669.2,1664.64,1665.35,3094.44789,2021,3,7
2021-03-07 06:50:00+00:00,1665.47,1666.75,1661.48,1665.85,1626.46283,2021,3,7
2021-03-07 06:55:00+00:00,1665.98,1665.98,1662.02,1662.99,932.85911,2021,3,7
2021-03-07 07:00:00+00:00,1663.0,1666.27,1657.69,1658.54,3230.0831,2021,3,7
2021-03-07 07:05:00+00:00,1658.53,1665.12,1658.53,1664.22,1311.30644,2021,3,7
2021-03-07 07:10:00+00:00,1664.22,1668.61,1662.47,1668.4,1078.07046,2021,3,7
2021-03-07 07:15:00+00:00,1668.13,1669.23,1663.58,1664.9,1468.31353,2021,3,7
2021-03-07 07:20:00+00:00,1664.89,1670.0,1663.83,1666.12,1841.95415,2021,3,7
2021-03-07 07:25:00+00:00,1666.19,1679.0,1665.88,1679.0,3609.0399,2021,3,7
2021-03-07 07:30:00+00:00,1678.75,1682.24,1672.86,1673.84,4603.17129,2021,3,7
2021-03-07 07:35:00+00:00,1673.83,1680.15,1671.43,1674.46,3041.16296,2021,3,7
2021-03-07 07:40:00+00:00,1674.46,1675.0,1672.42,1672.45,1305.61392,2021,3,7
2021-03-07 07:45:00+00:00,1672.44,1677.74,1672.44,1677.57,2382.64638,2021,3,7
2021-03-07 07:50:00+00:00,1677.56,1678.53,1675.45,1678.19,2533.87188,2021,3,7
2021-03-07 07:55:00+00:00,1678.23,1687.41,1677.49,1684.54,6249.74823,2021,3,7
2021-03-07 08:00:00+00:00,1684.54,1690.0,1680.36,1689.01,7691.37962,2021,3,7
2021-03-07 08:05:00+00:00,1689.0,1696.0,1685.69,1686.0,8716.28165,2021,3,7
2021-03-07 08:10:00+00:00,1686.0,1689.59,1679.66,1682.26,4474.41913,2021,3,7
2021-03-07 08:15:00+00:00,1682.26,1686.2,1677.8,1685.17,5391.38662,2021,3,7
2021-03-07 08:20:00+00:00,1685.48,1687.37,1678.44,1678.45,5880.82208,2021,3,7
2021-03-07 08:25:00+00:00,1678.44,1680.69,1676.29,1676.37,3340.10768,2021,3,7
2021-03-07 08:30:00+00:00,1676.38,1684.19,1675.0,1679.13,4142.92155,2021,3,7
2021-03-07 08:35:00+00:00,1679.41,1682.29,1678.0,1679.75,1760.53271,2021,3,7
2021-03-07 08:40:00+00:00,1679.68,1682.36,1677.88,1677.89,1782.23727,2021,3,7
2021-03-07 08:45:00+00:00,1677.89,1678.9,1671.08,1674.01,2733.34818,2021,3,7
2021-03-07 08:50:00+00:00,1674.01,1677.02,1673.99,1674.73,1658.11661,2021,3,7
2021-03-07 08:55:00+00:00,1674.68,1674.68,1666.26,1668.45,3766.65446,2021,3,7
2021-03-07 09:00:00+00:00,1668.45,1674.97,1668.45,1673.49,3006.85858,2021,3,7
2021-03-07 09:05:00+00:00,1673.49,1674.0,1670.0,1672.8,3598.52609,2021,3,7
2021-03-07 09:10:00+00:00,1672.94,1677.95,1672.61,1676.46,2439.11382,2021,3,7
2021-03-07 09:15:00+00:00,1676.47,1679.0,1673.73,1677.48,2720.49674,2021,3,7
2021-03-07 09:20:00+00:00,1677.49,1683.67,1675.67,1682.32,3920.02078,2021,3,7
2021-03-07 09:25:00+00:00,1682.27,1683.05,1676.85,1678.88,2806.03691,2021,3,7
2021-03-07 09:30:00+00:00,1678.72,1678.98,1672.44,1672.49,2414.63383,2021,3,7
2021-03-07 09:35:00+00:00,1672.5,1684.17,1672.44,1682.06,4717.25563,2021,3,7
2021-03-07 09:40:00+00:00,1682.17,1685.0,1680.04,1684.44,4305.99163,2021,3,7
2021-03-07 09:45:00+00:00,1684.34,1684.34,1676.41,1676.73,3577.94265,2021,3,7
2021-03-07 09:50:00+00:00,1676.68,1682.99,1675.83,1682.08,2024.46053,2021,3,7
2021-03-07 09:55:00+00:00,1682.06,1684.85,1680.42,1684.1,2416.99342,2021,3,7
2021-03-07 10:00:00+00:00,1683.93,1684.85,1678.94,1681.11,2601.03859,2021,3,7
2021-03-07 10:05:00+00:00,1681.11,1682.87,1679.28,1680.01,1940.18014,2021,3,7
2021-03-07 10:10:00+00:00,1680.01,1684.99,1680.01,1684.89,2506.40235,2021,3,7
2021-03-07 10:15:00+00:00,1684.88,1685.42,1680.76,1682.81,2927.26232,2021,3,7
2021-03-07 10:20:00+00:00,1682.81,1685.6,1682.53,1685.53,2127.66523,2021,3,7
2021-03-07 10:25:00+00:00,1685.54,1689.54,1682.0,1683.58,5342.52147,2021,3,7
2021-03-07 10:30:00+00:00,1683.57,1684.67,1675.0,1676.06,3551.17523,2021,3,7
2021-03-07 10:35:00+00:00,1676.31,1679.16,1674.01,1674.61,3173.47947,2021,3,7
2021-03-07 10:40:00+00:00,1674.62,1675.67,1667.88,1669.65,4333.40868,2021,3,7
2021-03-07 10:45:00+00:00,1669.82,1676.79,1669.63,1674.99,2533.72962,2021,3,7
2021-03-07 10:50:00+00:00,1674.99,1677.05,1672.65,1674.11,1750.27923,2021,3,7
2021-03-07 10:55:00+00:00,1674.09,1675.9,1672.28,1675.01,1977.24765,2021,3,7
2021-03-07 11:00:00+00:00,1675.02,1675.02,1664.01,1665.27,4625.03295,2021,3,7
2021-03-07 11:05:00+00:00,1665.27,1666.57,1661.72,1665.4,3171.52257,2021,3,7
2021-03-07 11:10:00+00:00,1665.59,1670.28,1664.91,1669.18,1674.35561,2021,3,7
2021-03-07 11:15:00+00:00,1669.18,1671.78,1668.38,1668.66,1741.7917,2021,3,7
2021-03-07 11:20:00+00:00,1668.66,1671.58,1668.08,1671.12,1499.5165,2021,3,7
2021-03-07 11:25:00+00:00,1671.12,1676.01,1671.1,1672.78,2653.87557,2021,3,7
2021-03-07 11:30:00+00:00,1672.79,1678.41,1672.57,1677.85,2497.57153,2021,3,7
2021-03-07 11:35:00+00:00,1677.86,1680.0,1676.0,1678.15,2252.32405,2021,3,7
2021-03-07 11:40:00+00:00,1678.16,1680.47,1676.0,1680.08,1195.60545,2021,3,7
2021-03-07 11:45:00+00:00,1680.08,1680.45,1675.0,1675.03,2103.94892,2021,3,7
2021-03-07 11:50:00+00:00,1675.03,1676.85,1670.68,1676.11,2378.26957,2021,3,7
2021-03-07 11:55:00+00:00,1676.1,1678.36,1675.1,1678.36,1330.49534,2021,3,7
2021-03-07 12:00:00+00:00,1678.37,1678.42,1674.71,1677.74,2364.80817,2021,3,7
2021-03-07 12:05:00+00:00,1677.74,1680.0,1670.3,1671.41,1654.00003,2021,3,7
2021-03-07 12:10:00+00:00,1671.62,1674.47,1668.37,1673.08,2066.364,2021,3,7
2021-03-07 12:15:00+00:00,1673.1,1673.26,1666.0,1667.08,1972.68163,2021,3,7
2021-03-07 12:20:00+00:00,1667.0,1668.46,1658.93,1659.7,4920.97216,2021,3,7
2021-03-07 12:25:00+00:00,1659.5,1664.21,1658.75,1661.91,3568.43954,2021,3,7
2021-03-07 12:30:00+00:00,1661.72,1665.78,1661.67,1665.2,2881.58228,2021,3,7
2021-03-07 12:35:00+00:00,1665.04,1669.31,1665.04,1666.01,1665.82144,2021,3,7
2021-03-07 12:40:00+00:00,1666.0,1669.85,1665.56,1668.32,1470.04191,2021,3,7
2021-03-07 12:45:00+00:00,1668.32,1668.32,1664.27,1667.5,1797.15457,2021,3,7
2021-03-07 12:50:00+00:00,1667.54,1672.53,1667.35,1671.9,2713.96041,2021,3,7
2021-03-07 12:55:00+00:00,1671.9,1672.0,1667.19,1669.22,1825.55405,2021,3,7
2021-03-07 13:00:00+00:00,1669.21,1669.21,1662.78,1663.15,2911.27441,2021,3,7
2021-03-07 13:05:00+00:00,1663.14,1664.58,1661.63,1664.3,1753.41208,2021,3,7
2021-03-07 13:10:00+00:00,1664.31,1667.99,1662.78,1663.52,1716.40448,2021,3,7
2021-03-07 13:15:00+00:00,1663.71,1666.39,1655.18,1656.41,3526.0935,2021,3,7
2021-03-07 13:20:00+00:00,1656.44,1661.54,1655.85,1658.47,2800.20018,2021,3,7
2021-03-07 13:25:00+00:00,1658.7,1664.26,1658.7,1663.72,1865.11613,2021,3,7
2021-03-07 13:30:00+00:00,1663.47,1664.93,1658.33,1658.42,2104.47041,2021,3,7
2021-03-07 13:35:00+00:00,1658.68,1661.0,1656.87,1660.86,3468.8098,2021,3,7
2021-03-07 13:40:00+00:00,1660.75,1667.67,1658.22,1666.76,4071.48858,2021,3,7
2021-03-07 13:45:00+00:00,1667.15,1667.17,1660.8,1663.13,2652.77399,2021,3,7
2021-03-07 13:50:00+00:00,1663.06,1666.77,1661.56,1665.17,2286.21266,2021,3,7
2021-03-07 13:55:00+00:00,1665.16,1667.0,1662.16,1663.43,1899.62356,2021,3,7
2021-03-07 14:00:00+00:00,1663.42,1664.0,1646.57,1662.4,8132.11512,2021,3,7
2021-03-07 14:05:00+00:00,1662.57,1679.0,1662.56,1675.76,5148.09428,2021,3,7
2021-03-07 14:10:00+00:00,1675.86,1675.98,1660.12,1661.21,4052.87746,2021,3,7
2021-03-07 14:15:00+00:00,1661.21,1663.27,1650.89,1653.23,6474.49235,2021,3,7
2021-03-07 14:20:00+00:00,1653.04,1653.43,1636.18,1639.09,9619.05937,2021,3,7
2021-03-07 14:25:00+00:00,1639.39,1644.2,1630.35,1644.13,9814.035,2021,3,7
2021-03-07 14:30:00+00:00,1644.05,1648.65,1639.37,1646.12,4235.83552,2021,3,7
2021-03-07 14:35:00+00:00,1646.12,1650.86,1641.85,1643.28,4094.7681,2021,3,7
2021-03-07 14:40:00+00:00,1643.29,1647.0,1643.29,1644.99,2975.55945,2021,3,7
2021-03-07 14:45:00+00:00,1644.99,1652.0,1644.69,1649.47,2780.38758,2021,3,7
2021-03-07 14:50:00+00:00,1649.47,1652.0,1648.3,1651.55,2278.6753,2021,3,7
2021-03-07 14:55:00+00:00,1651.37,1651.65,1646.3,1648.96,2641.07471,2021,3,7
2021-03-07 15:00:00+00:00,1648.92,1649.33,1641.67,1642.02,3044.19612,2021,3,7
2021-03-07 15:05:00+00:00,1642.03,1647.02,1638.24,1646.79,4912.62372,2021,3,7
2021-03-07 15:10:00+00:00,1646.99,1648.0,1642.11,1647.81,1902.47959,2021,3,7
2021-03-07 15:15:00+00:00,1647.81,1653.49,1646.83,1652.18,2097.22918,2021,3,7
2021-03-07 15:20:00+00:00,1652.11,1652.18,1645.98,1648.21,1718.43649,2021,3,7
2021-03-07 15:25:00+00:00,1648.37,1648.37,1641.89,1641.89,1315.6211,2021,3,7
2021-03-07 15:30:00+00:00,1641.9,1648.0,1641.65,1647.47,2941.05196,2021,3,7
2021-03-07 15:35:00+00:00,1647.47,1647.47,1641.14,1641.49,2969.60581,2021,3,7
2021-03-07 15:40:00+00:00,1641.5,1641.54,1635.0,1638.33,3781.7939,2021,3,7
2021-03-07 15:45:00+00:00,1638.34,1645.52,1638.31,1642.66,2716.58988,2021,3,7
2021-03-07 15:50:00+00:00,1642.86,1650.06,1642.69,1648.1,2039.68174,2021,3,7
2021-03-07 15:55:00+00:00,1648.11,1652.0,1645.99,1652.0,1834.93746,2021,3,7
2021-03-07 16:00:00+00:00,1651.99,1662.72,1651.72,1662.21,8222.13329,2021,3,7
2021-03-07 16:05:00+00:00,1662.27,1667.24,1659.01,1664.1,4265.43077,2021,3,7
2021-03-07 16:10:00+00:00,1664.11,1668.6,1661.28,1666.32,3037.73263,2021,3,7
2021-03-07 16:15:00+00:00,1666.17,1669.56,1664.58,1666.73,2471.83591,2021,3,7
2021-03-07 16:20:00+00:00,1666.72,1666.91,1660.3,1661.22,2726.67264,2021,3,7
2021-03-07 16:25:00+00:00,1661.07,1662.0,1657.34,1659.24,1782.03119,2021,3,7
2021-03-07 16:30:00+00:00,1659.24,1668.0,1659.04,1667.72,3135.32798,2021,3,7
2021-03-07 16:35:00+00:00,1667.73,1671.0,1665.71,1668.28,3267.47917,2021,3,7
2021-03-07 16:40:00+00:00,1668.3,1674.57,1667.55,1671.84,3918.25037,2021,3,7
2021-03-07 16:45:00+00:00,1671.86,1677.33,1669.36,1675.99,3896.63548,2021,3,7
2021-03-07 16:50:00+00:00,1675.99,1676.42,1668.58,1668.76,2197.79401,2021,3,7
2021-03-07 16:55:00+00:00,1668.76,1671.93,1667.54,1669.16,1771.56972,2021,3,7
2021-03-07 17:00:00+00:00,1669.19,1671.19,1662.56,1668.5,3408.42664,2021,3,7
2021-03-07 17:05:00+00:00,1668.49,1669.75,1666.01,1667.76,1370.38416,2021,3,7
2021-03-07 17:10:00+00:00,1667.75,1668.9,1665.36,1667.66,1259.22991,2021,3,7
2021-03-07 17:15:00+00:00,1667.75,1670.8,1667.13,1668.09,2807.2402,2021,3,7
2021-03-07 17:20:00+00:00,1668.18,1670.39,1666.82,1669.32,1100.40406,2021,3,7
2021-03-07 17:25:00+00:00,1669.31,1671.53,1668.12,1670.79,1248.44025,2021,3,7
2021-03-07 17:30:00+00:00,1670.79,1672.09,1667.97,1671.08,1398.65945,2021,3,7
2021-03-07 17:35:00+00:00,1671.08,1677.61,1670.4,1673.22,2726.8869,2021,3,7
2021-03-07 17:40:00+00:00,1672.78,1674.14,1669.5,1671.11,1386.18034,2021,3,7
2021-03-07 17:45:00+00:00,1671.11,1671.14,1667.46,1670.66,1725.01941,2021,3,7
2021-03-07 17:50:00+00:00,1670.66,1671.18,1666.23,1670.49,2119.79695,2021,3,7
2021-03-07 17:55:00+00:00,1670.56,1676.0,1669.0,1675.99,2151.65913,2021,3,7
2021-03-07 18:00:00+00:00,1675.98,1676.0,1668.0,1671.3,1747.77183,2021,3,7
2021-03-07 18:05:00+00:00,1671.3,1674.24,1668.01,1669.69,1579.66378,2021,3,7
2021-03-07 18:10:00+00:00,1669.54,1673.9,1669.0,1672.26,1178.15726,2021,3,7
2021-03-07 18:15:00+00:00,1672.27,1673.97,1665.0,1669.12,1769.29158,2021,3,7
2021-03-07 18:20:00+00:00,1669.12,1671.64,1665.82,1668.31,2012.41768,2021,3,7
2021-03-07 18:25:00+00:00,1668.3,1668.36,1660.45,1664.76,2486.38372,2021,3,7
2021-03-07 18:30:00+00:00,1664.77,1668.46,1664.01,1665.16,1185.75162,2021,3,7
2021-03-07 18:35:00+00:00,1665.15,1667.19,1663.82,1664.7,1520.05343,2021,3,7
2021-03-07 18:40:00+00:00,1664.55,1668.07,1664.03,1665.74,1316.0723,2021,3,7
2021-03-07 18:45:00+00:00,1665.35,1667.8,1664.01,1665.81,1338.44062,2021,3,7
2021-03-07 18:50:00+00:00,1665.82,1665.82,1656.63,1657.43,3128.60562,2021,3,7
2021-03-07 18:55:00+00:00,1657.42,1659.72,1654.07,1655.52,2286.02301,2021,3,7
2021-03-07 19:00:00+00:00,1655.52,1655.8,1642.15,1644.41,6466.11725,2021,3,7
2021-03-07 19:05:00+00:00,1644.38,1649.86,1642.56,1649.57,3322.81166,2021,3,7
2021-03-07 19:10:00+00:00,1649.58,1650.09,1642.68,1643.06,2303.44401,2021,3,7
2021-03-07 19:15:00+00:00,1643.06,1650.0,1640.84,1649.09,2664.07966,2021,3,7
2021-03-07 19:20:00+00:00,1648.94,1650.64,1647.0,1649.0,1362.80437,2021,3,7
2021-03-07 19:25:00+00:00,1649.01,1653.16,1648.22,1651.21,1556.41316,2021,3,7
2021-03-07 19:30:00+00:00,1651.24,1656.74,1650.66,1653.0,1966.57079,2021,3,7
2021-03-07 19:35:00+00:00,1653.0,1655.09,1650.26,1653.95,1219.1238,2021,3,7
2021-03-07 19:40:00+00:00,1653.95,1657.0,1653.12,1656.71,1143.0984,2021,3,7
2021-03-07 19:45:00+00:00,1656.71,1657.14,1652.99,1656.22,1699.02998,2021,3,7
2021-03-07 19:50:00+00:00,1656.22,1657.11,1653.0,1653.37,1528.16595,2021,3,7
2021-03-07 19:55:00+00:00,1653.36,1663.0,1653.25,1658.26,2170.78015,2021,3,7
2021-03-07 20:00:00+00:00,1658.16,1658.16,1643.95,1646.54,3596.89,2021,3,7
2021-03-07 20:05:00+00:00,1646.53,1648.06,1634.87,1636.44,5325.32047,2021,3,7
2021-03-07 20:10:00+00:00,1636.81,1638.68,1633.0,1634.99,3984.64347,2021,3,7
2021-03-07 20:15:00+00:00,1635.0,1640.74,1634.17,1638.6,2872.04599,2021,3,7
2021-03-07 20:20:00+00:00,1638.24,1642.04,1636.66,1641.45,3186.61038,2021,3,7
2021-03-07 20:25:00+00:00,1641.52,1641.63,1635.43,1637.6,3211.78987,2021,3,7
2021-03-07 20:30:00+00:00,1637.8,1645.59,1637.69,1644.13,1980.0565,2021,3,7
2021-03-07 20:35:00+00:00,1643.93,1649.66,1642.77,1643.53,2506.74867,2021,3,7
2021-03-07 20:40:00+00:00,1643.53,1647.59,1642.49,1646.0,1048.07247,2021,3,7
2021-03-07 20:45:00+00:00,1646.0,1649.99,1643.64,1647.11,1547.38133,2021,3,7
2021-03-07 20:50:00+00:00,1647.11,1652.32,1647.11,1652.18,2298.53499,2021,3,7
2021-03-07 20:55:00+00:00,1652.18,1654.43,1648.9,1649.31,1363.18593,2021,3,7
2021-03-07 21:00:00+00:00,1649.32,1650.28,1647.35,1649.25,1323.14195,2021,3,7
2021-03-07 21:05:00+00:00,1649.25,1653.31,1647.84,1653.01,1100.34453,2021,3,7
2021-03-07 21:10:00+00:00,1653.0,1655.0,1647.02,1648.09,1855.12549,2021,3,7
2021-03-07 21:15:00+00:00,1648.09,1653.0,1648.0,1652.42,1235.65386,2021,3,7
2021-03-07 21:20:00+00:00,1652.22,1659.76,1652.2,1657.97,3225.79724,2021,3,7
2021-03-07 21:25:00+00:00,1657.93,1660.0,1656.21,1656.58,1754.87456,2021,3,7
2021-03-07 21:30:00+00:00,1656.56,1658.55,1655.89,1657.73,1043.296,2021,3,7
2021-03-07 21:35:00+00:00,1657.74,1665.0,1657.61,1663.69,2222.16113,2021,3,7
2021-03-07 21:40:00+00:00,1663.66,1665.46,1660.01,1660.56,1408.08185,2021,3,7
2021-03-07 21:45:00+00:00,1660.56,1663.75,1658.52,1659.32,1023.43225,2021,3,7
2021-03-07 21:50:00+00:00,1659.32,1662.24,1657.31,1661.37,1456.11909,2021,3,7
2021-03-07 21:55:00+00:00,1661.38,1664.37,1661.24,1664.14,1064.28835,2021,3,7
2021-03-07 22:00:00+00:00,1664.15,1664.94,1660.28,1664.2,865.68546,2021,3,7
2021-03-07 22:05:00+00:00,1664.2,1666.87,1662.78,1664.67,1188.22823,2021,3,7
2021-03-07 22:10:00+00:00,1664.84,1667.89,1663.73,1667.38,833.89504,2021,3,7
2021-03-07 22:15:00+00:00,1667.39,1672.0,1667.33,1671.5,1532.32639,2021,3,7
2021-03-07 22:20:00+00:00,1671.5,1671.51,1668.78,1669.75,1471.77637,2021,3,7
2021-03-07 22:25:00+00:00,1669.75,1674.72,1669.12,1673.94,1634.50567,2021,3,7
2021-03-07 22:30:00+00:00,1673.93,1680.0,1673.91,1680.0,3918.58971,2021,3,7
2021-03-07 22:35:00+00:00,1680.0,1684.54,1677.34,1682.7,4134.76661,2021,3,7
2021-03-07 22:40:00+00:00,1682.81,1685.36,1681.0,1682.8,1994.33785,2021,3,7
2021-03-07 22:45:00+00:00,1682.97,1684.82,1681.0,1681.25,1206.94472,2021,3,7
2021-03-07 22:50:00+00:00,1681.28,1683.05,1678.79,1680.1,1748.95179,2021,3,7
2021-03-07 22:55:00+00:00,1680.11,1680.72,1675.39,1678.61,2461.73639,2021,3,7
2021-03-07 23:00:00+00:00,1678.62,1682.73,1677.99,1682.35,2543.26522,2021,3,7
2021-03-07 23:05:00+00:00,1682.21,1687.76,1681.36,1687.71,3152.35164,2021,3,7
2021-03-07 23:10:00+00:00,1687.7,1694.0,1687.7,1692.15,5019.56056,2021,3,7
2021-03-07 23:15:00+00:00,1692.09,1695.35,1688.22,1690.79,3848.48713,2021,3,7
2021-03-07 23:20:00+00:00,1690.74,1698.0,1689.61,1697.99,2237.15516,2021,3,7
2021-03-07 23:25:00+00:00,1697.99,1716.97,1697.1,1715.14,13143.99696,2021,3,7
2021-03-07 23:30:00+00:00,1715.07,1721.13,1706.61,1720.02,9752.32553,2021,3,7
2021-03-07 23:35:00+00:00,1720.34,1727.9,1715.01,1727.62,7872.72118,2021,3,7
2021-03-07 23:40:00+00:00,1727.51,1729.0,1723.48,1728.18,7679.78604,2021,3,7
2021-03-07 23:45:00+00:00,1728.19,1728.48,1720.19,1728.48,4650.73922,2021,3,7
2021-03-07 23:50:00+00:00,1728.56,1734.16,1726.01,1727.79,6223.26815,2021,3,7
2021-03-07 23:55:00+00:00,1727.84,1728.86,1720.0,1726.16,5627.40223,2021,3,7
2021-03-08 00:00:00+00:00,1726.46,1745.55,1726.05,1738.88,11772.64879,2021,3,8
2021-03-08 00:05:00+00:00,1738.88,1740.8,1728.27,1732.83,5583.76764,2021,3,8
2021-03-08 00:10:00+00:00,1733.16,1742.49,1732.66,1735.46,6147.73351,2021,3,8
2021-03-08 00:15:00+00:00,1735.48,1742.0,1735.19,1737.76,4908.32087,2021,3,8
2021-03-08 00:20:00+00:00,1737.66,1745.0,1736.98,1739.46,5237.86699,2021,3,8
2021-03-08 00:25:00+00:00,1739.42,1740.35,1736.43,1740.01,3745.50776,2021,3,8
2021-03-08 00:30:00+00:00,1740.0,1750.0,1739.74,1745.51,5851.6587,2021,3,8
2021-03-08 00:35:00+00:00,1745.52,1750.57,1740.28,1746.76,7493.19786,2021,3,8
2021-03-08 00:40:00+00:00,1746.88,1749.44,1744.01,1745.97,3654.80097,2021,3,8
2021-03-08 00:45:00+00:00,1745.68,1745.87,1736.0,1742.82,4629.13077,2021,3,8
2021-03-08 00:50:00+00:00,1742.72,1742.82,1728.99,1739.73,6958.55837,2021,3,8
2021-03-08 00:55:00+00:00,1740.01,1744.73,1737.89,1742.21,3965.14211,2021,3,8
2021-03-08 01:00:00+00:00,1742.2,1745.56,1740.92,1744.89,3576.69886,2021,3,8
2021-03-08 01:05:00+00:00,1744.74,1748.27,1742.12,1742.75,3605.89431,2021,3,8
2021-03-08 01:10:00+00:00,1742.75,1748.91,1742.75,1746.8,4473.13538,2021,3,8
2021-03-08 01:15:00+00:00,1746.89,1752.5,1733.86,1741.09,9164.33489,2021,3,8
2021-03-08 01:20:00+00:00,1740.84,1745.78,1739.58,1744.08,2725.43188,2021,3,8
2021-03-08 01:25:00+00:00,1744.08,1745.77,1737.35,1739.22,3526.2099,2021,3,8
2021-03-08 01:30:00+00:00,1739.15,1740.74,1732.0,1733.73,4752.24979,2021,3,8
2021-03-08 01:35:00+00:00,1733.61,1735.74,1730.06,1734.99,5723.52282,2021,3,8
2021-03-08 01:40:00+00:00,1735.0,1736.44,1731.17,1732.19,3019.81454,2021,3,8
2021-03-08 01:45:00+00:00,1732.19,1737.28,1731.04,1737.27,2953.38981,2021,3,8
2021-03-08 01:50:00+00:00,1737.27,1738.96,1733.82,1736.7,1786.62309,2021,3,8
2021-03-08 01:55:00+00:00,1736.71,1736.9,1732.63,1736.8,1507.77935,2021,3,8
2021-03-08 02:00:00+00:00,1736.8,1738.27,1733.9,1734.74,3980.75164,2021,3,8
2021-03-08 02:05:00+00:00,1734.82,1735.1,1720.67,1721.17,6587.7364,2021,3,8
2021-03-08 02:10:00+00:00,1721.15,1728.62,1721.15,1728.62,2989.59319,2021,3,8
2021-03-08 02:15:00+00:00,1728.63,1730.41,1724.1,1725.59,2564.28871,2021,3,8
2021-03-08 02:20:00+00:00,1725.58,1732.0,1725.58,1727.14,3161.59869,2021,3,8
2021-03-08 02:25:00+00:00,1727.04,1730.68,1714.1,1716.48,5150.1136,2021,3,8
2021-03-08 02:30:00+00:00,1716.49,1720.0,1710.87,1719.96,4930.21906,2021,3,8
2021-03-08 02:35:00+00:00,1719.66,1723.52,1711.61,1714.57,4030.71264,2021,3,8
2021-03-08 02:40:00+00:00,1714.56,1719.91,1712.27,1713.84,2801.77251,2021,3,8
2021-03-08 02:45:00+00:00,1713.85,1716.91,1711.88,1715.25,3020.43656,2021,3,8
2021-03-08 02:50:00+00:00,1715.42,1720.04,1714.82,1718.72,3152.93251,2021,3,8
2021-03-08 02:55:00+00:00,1718.59,1723.53,1716.88,1723.35,2245.30381,2021,3,8
2021-03-08 03:00:00+00:00,1723.4,1727.0,1720.51,1724.46,3006.13718,2021,3,8
2021-03-08 03:05:00+00:00,1724.49,1728.59,1722.0,1722.0,3156.98376,2021,3,8
2021-03-08 03:10:00+00:00,1721.82,1723.72,1712.01,1713.2,3582.00019,2021,3,8
2021-03-08 03:15:00+00:00,1713.26,1723.46,1712.68,1719.81,3174.47261,2021,3,8
2021-03-08 03:20:00+00:00,1719.89,1722.98,1718.74,1722.09,2381.78129,2021,3,8
2021-03-08 03:25:00+00:00,1722.09,1726.77,1718.44,1718.44,2642.57451,2021,3,8
2021-03-08 03:30:00+00:00,1718.44,1724.98,1716.0,1723.95,2354.43975,2021,3,8
2021-03-08 03:35:00+00:00,1724.0,1724.96,1722.38,1724.31,1530.7317,2021,3,8
2021-03-08 03:40:00+00:00,1724.31,1724.32,1718.63,1718.97,1433.70268,2021,3,8
2021-03-08 03:45:00+00:00,1718.79,1724.3,1717.65,1723.12,3031.7032,2021,3,8
2021-03-08 03:50:00+00:00,1722.97,1723.8,1720.86,1722.34,1262.90347,2021,3,8
2021-03-08 03:55:00+00:00,1722.31,1725.48,1718.5,1723.68,2759.8545,2021,3,8
2021-03-08 04:00:00+00:00,1723.7,1723.94,1713.19,1713.5,2274.43815,2021,3,8
2021-03-08 04:05:00+00:00,1713.41,1719.71,1710.19,1719.24,2796.06613,2021,3,8
2021-03-08 04:10:00+00:00,1719.35,1721.95,1716.1,1716.51,1617.4563,2021,3,8
2021-03-08 04:15:00+00:00,1716.38,1716.64,1710.0,1713.74,2584.16972,2021,3,8
2021-03-08 04:20:00+00:00,1713.58,1721.17,1713.58,1719.91,3155.84645,2021,3,8
2021-03-08 04:25:00+00:00,1719.91,1722.02,1718.33,1718.78,2547.90976,2021,3,8
2021-03-08 04:30:00+00:00,1718.78,1721.45,1716.43,1721.45,1523.93287,2021,3,8
2021-03-08 04:35:00+00:00,1721.44,1722.63,1716.81,1717.28,2241.31439,2021,3,8
2021-03-08 04:40:00+00:00,1717.28,1723.22,1717.28,1721.85,4374.62895,2021,3,8
2021-03-08 04:45:00+00:00,1721.83,1730.0,1720.0,1728.96,6847.89942,2021,3,8
2021-03-08 04:50:00+00:00,1728.97,1730.0,1724.36,1724.74,4610.10529,2021,3,8
2021-03-08 04:55:00+00:00,1724.66,1729.0,1723.17,1728.39,2157.86663,2021,3,8
2021-03-08 05:00:00+00:00,1728.4,1738.44,1728.39,1731.92,6293.32048,2021,3,8
2021-03-08 05:05:00+00:00,1731.92,1748.06,1731.92,1744.45,10103.05975,2021,3,8
2021-03-08 05:10:00+00:00,1744.45,1748.48,1735.08,1737.46,5286.21284,2021,3,8
2021-03-08 05:15:00+00:00,1737.47,1742.63,1735.82,1739.81,3830.23291,2021,3,8
2021-03-08 05:20:00+00:00,1739.61,1741.46,1735.56,1736.53,2080.43896,2021,3,8
2021-03-08 05:25:00+00:00,1736.54,1738.06,1733.03,1737.45,1772.96985,2021,3,8
2021-03-08 05:30:00+00:00,1737.46,1746.65,1734.98,1743.62,3400.41426,2021,3,8
2021-03-08 05:35:00+00:00,1743.73,1743.93,1740.0,1740.48,2113.04373,2021,3,8
2021-03-08 05:40:00+00:00,1740.48,1743.9,1740.11,1740.87,1513.98336,2021,3,8
2021-03-08 05:45:00+00:00,1740.9,1751.62,1740.19,1751.21,5677.82134,2021,3,8
2021-03-08 05:50:00+00:00,1751.09,1755.22,1746.56,1748.88,9296.27621,2021,3,8
2021-03-08 05:55:00+00:00,1748.99,1750.1,1747.69,1749.86,2734.98455,2021,3,8
2021-03-08 06:00:00+00:00,1749.85,1754.0,1748.18,1748.84,2565.57918,2021,3,8
2021-03-08 06:05:00+00:00,1748.85,1749.38,1747.0,1747.98,2538.3572,2021,3,8
2021-03-08 06:10:00+00:00,1747.98,1747.98,1739.74,1739.74,4464.86562,2021,3,8
2021-03-08 06:15:00+00:00,1739.74,1743.28,1736.08,1739.98,2648.00957,2021,3,8
2021-03-08 06:20:00+00:00,1740.0,1740.0,1733.54,1736.08,4784.43748,2021,3,8
2021-03-08 06:25:00+00:00,1736.28,1739.5,1736.01,1739.5,1508.4214,2021,3,8
2021-03-08 06:30:00+00:00,1739.5,1740.0,1736.81,1738.32,1797.51138,2021,3,8
2021-03-08 06:35:00+00:00,1738.25,1738.53,1729.28,1730.42,3310.22156,2021,3,8
2021-03-08 06:40:00+00:00,1730.42,1731.75,1722.97,1729.03,5973.11229,2021,3,8
2021-03-08 06:45:00+00:00,1729.04,1729.04,1720.4,1722.09,3226.49716,2021,3,8
2021-03-08 06:50:00+00:00,1722.05,1724.99,1715.66,1717.26,5927.21407,2021,3,8
2021-03-08 06:55:00+00:00,1717.31,1725.51,1717.12,1720.98,3841.52272,2021,3,8
2021-03-08 07:00:00+00:00,1720.99,1729.0,1719.01,1726.26,5007.64882,2021,3,8
2021-03-08 07:05:00+00:00,1726.41,1728.99,1714.26,1717.68,5458.29533,2021,3,8
2021-03-08 07:10:00+00:00,1717.67,1720.25,1704.4,1705.87,10649.7548,2021,3,8
2021-03-08 07:15:00+00:00,1705.85,1708.25,1690.0,1690.29,11358.8719,2021,3,8
2021-03-08 07:20:00+00:00,1690.81,1696.83,1683.63,1693.95,15435.504,2021,3,8
2021-03-08 07:25:00+00:00,1694.2,1701.66,1691.09,1697.49,5666.79467,2021,3,8
2021-03-08 07:30:00+00:00,1697.48,1703.67,1691.14,1699.98,4944.03265,2021,3,8
2021-03-08 07:35:00+00:00,1699.97,1701.05,1687.06,1690.4,9361.99046,2021,3,8
2021-03-08 07:40:00+00:00,1690.65,1692.13,1681.41,1688.59,14331.45174,2021,3,8
2021-03-08 07:45:00+00:00,1688.4,1697.65,1682.37,1693.29,7633.22591,2021,3,8
2021-03-08 07:50:00+00:00,1693.29,1696.03,1689.31,1692.54,2127.30712,2021,3,8
2021-03-08 07:55:00+00:00,1692.55,1695.0,1686.4,1690.11,3048.2912,2021,3,8
2021-03-08 08:00:00+00:00,1690.25,1696.83,1686.04,1691.6,4935.7666,2021,3,8
2021-03-08 08:05:00+00:00,1691.7,1695.59,1680.91,1681.09,2824.61439,2021,3,8
2021-03-08 08:10:00+00:00,1681.1,1686.72,1668.21,1670.0,11040.83177,2021,3,8
2021-03-08 08:15:00+00:00,1669.91,1674.21,1664.96,1672.79,6942.9426,2021,3,8
2021-03-08 08:20:00+00:00,1672.8,1683.3,1672.8,1678.64,5025.01389,2021,3,8
2021-03-08 08:25:00+00:00,1678.65,1684.05,1672.33,1679.53,5885.2928,2021,3,8
2021-03-08 08:30:00+00:00,1679.86,1684.94,1675.63,1679.73,4936.99527,2021,3,8
2021-03-08 08:35:00+00:00,1679.73,1683.0,1675.12,1679.0,2215.56337,2021,3,8
2021-03-08 08:40:00+00:00,1679.0,1679.83,1675.0,1675.0,3442.74802,2021,3,8
2021-03-08 08:45:00+00:00,1675.01,1681.55,1674.38,1675.73,2807.76547,2021,3,8
2021-03-08 08:50:00+00:00,1675.52,1678.7,1671.96,1677.97,2642.02208,2021,3,8
2021-03-08 08:55:00+00:00,1677.96,1686.11,1675.01,1685.45,4887.59672,2021,3,8
2021-03-08 09:00:00+00:00,1685.46,1694.75,1685.45,1691.95,6119.06753,2021,3,8
2021-03-08 09:05:00+00:00,1691.86,1693.66,1683.5,1686.17,3068.03353,2021,3,8
2021-03-08 09:10:00+00:00,1686.17,1688.6,1679.55,1683.08,3037.23122,2021,3,8
2021-03-08 09:15:00+00:00,1683.08,1685.3,1672.82,1674.51,4403.22351,2021,3,8
2021-03-08 09:20:00+00:00,1674.41,1679.59,1673.9,1675.75,3205.83628,2021,3,8
2021-03-08 09:25:00+00:00,1675.48,1681.41,1675.48,1679.99,2473.70037,2021,3,8
2021-03-08 09:30:00+00:00,1680.03,1680.22,1670.0,1674.37,3495.09433,2021,3,8
2021-03-08 09:35:00+00:00,1674.35,1680.85,1672.88,1678.93,3805.52892,2021,3,8
2021-03-08 09:40:00+00:00,1678.93,1689.99,1678.36,1689.0,4909.59866,2021,3,8
2021-03-08 09:45:00+00:00,1689.01,1689.01,1682.66,1682.78,3407.80679,2021,3,8
2021-03-08 09:50:00+00:00,1682.86,1687.0,1682.67,1686.94,1324.17973,2021,3,8
2021-03-08 09:55:00+00:00,1686.95,1689.78,1685.01,1689.13,2407.6194,2021,3,8
2021-03-08 10:00:00+00:00,1689.13,1690.0,1685.07,1685.77,1570.5124,2021,3,8
2021-03-08 10:05:00+00:00,1685.78,1688.66,1682.53,1683.73,1871.2533,2021,3,8
2021-03-08 10:10:00+00:00,1683.77,1694.13,1680.47,1690.59,3085.05777,2021,3,8
2021-03-08 10:15:00+00:00,1690.59,1705.08,1690.13,1702.27,6834.20452,2021,3,8
2021-03-08 10:20:00+00:00,1702.27,1704.13,1698.0,1698.33,6608.51356,2021,3,8
2021-03-08 10:25:00+00:00,1698.46,1705.93,1698.0,1704.7,3809.84495,2021,3,8
2021-03-08 10:30:00+00:00,1704.7,1714.78,1704.7,1712.49,5332.6421,2021,3,8
2021-03-08 10:35:00+00:00,1712.5,1719.87,1712.03,1716.8,4948.5448,2021,3,8
2021-03-08 10:40:00+00:00,1716.8,1717.57,1706.8,1713.2,4841.62761,2021,3,8
2021-03-08 10:45:00+00:00,1713.08,1716.28,1711.13,1711.49,3111.00619,2021,3,8
2021-03-08 10:50:00+00:00,1711.49,1713.8,1709.41,1710.46,2365.76097,2021,3,8
2021-03-08 10:55:00+00:00,1710.46,1712.3,1709.03,1710.66,1607.40187,2021,3,8
2021-03-08 11:00:00+00:00,1710.66,1718.0,1710.01,1713.59,2103.00475,2021,3,8
2021-03-08 11:05:00+00:00,1713.51,1715.0,1707.31,1707.51,3863.36717,2021,3,8
2021-03-08 11:10:00+00:00,1707.31,1709.82,1703.62,1706.22,3641.18295,2021,3,8
2021-03-08 11:15:00+00:00,1706.22,1710.94,1703.64,1709.86,2158.17404,2021,3,8
2021-03-08 11:20:00+00:00,1710.0,1710.26,1705.87,1706.98,2470.88467,2021,3,8
2021-03-08 11:25:00+00:00,1706.75,1711.57,1706.4,1710.0,3274.85372,2021,3,8
2021-03-08 11:30:00+00:00,1709.99,1715.93,1709.31,1714.86,3305.02953,2021,3,8
2021-03-08 11:35:00+00:00,1714.85,1725.72,1714.83,1722.0,5184.58745,2021,3,8
2021-03-08 11:40:00+00:00,1721.97,1723.01,1712.86,1714.05,2602.53189,2021,3,8
2021-03-08 11:45:00+00:00,1713.8,1721.39,1710.0,1719.98,2620.44893,2021,3,8
2021-03-08 11:50:00+00:00,1719.99,1724.3,1719.98,1721.57,2441.92649,2021,3,8
2021-03-08 11:55:00+00:00,1721.57,1727.74,1720.66,1723.5,4189.17022,2021,3,8
2021-03-08 12:00:00+00:00,1723.61,1724.52,1716.17,1717.19,4605.40767,2021,3,8
2021-03-08 12:05:00+00:00,1717.19,1721.0,1716.04,1719.12,2314.96526,2021,3,8
2021-03-08 12:10:00+00:00,1719.12,1722.74,1717.08,1722.73,2186.95919,2021,3,8
2021-03-08 12:15:00+00:00,1722.73,1731.89,1720.76,1721.56,5007.29635,2021,3,8
2021-03-08 12:20:00+00:00,1721.56,1725.0,1719.5,1719.79,3395.34933,2021,3,8
2021-03-08 12:25:00+00:00,1719.79,1725.0,1718.49,1720.19,3535.05168,2021,3,8
2021-03-08 12:30:00+00:00,1720.19,1725.0,1720.19,1722.0,1874.53017,2021,3,8
2021-03-08 12:35:00+00:00,1722.0,1722.01,1709.63,1714.79,7602.87314,2021,3,8
2021-03-08 12:40:00+00:00,1714.83,1717.15,1712.79,1715.39,2834.04779,2021,3,8
2021-03-08 12:45:00+00:00,1715.56,1716.95,1700.0,1710.0,8584.86432,2021,3,8
2021-03-08 12:50:00+00:00,1710.0,1714.22,1708.56,1711.53,5377.12345,2021,3,8
2021-03-08 12:55:00+00:00,1711.53,1711.94,1705.65,1710.49,2743.97233,2021,3,8
2021-03-08 13:00:00+00:00,1710.4,1720.0,1709.67,1718.85,4036.87049,2021,3,8
2021-03-08 13:05:00+00:00,1719.11,1725.21,1717.23,1720.16,5674.19153,2021,3,8
2021-03-08 13:10:00+00:00,1720.15,1721.77,1717.64,1719.99,2439.16362,2021,3,8
2021-03-08 13:15:00+00:00,1720.0,1726.83,1719.25,1726.37,3115.71056,2021,3,8
2021-03-08 13:20:00+00:00,1726.43,1731.45,1723.46,1728.45,7560.67588,2021,3,8
2021-03-08 13:25:00+00:00,1728.82,1730.0,1723.32,1725.31,4153.847,2021,3,8
2021-03-08 13:30:00+00:00,1725.31,1735.91,1721.77,1729.1,7294.39496,2021,3,8
2021-03-08 13:35:00+00:00,1729.19,1730.62,1726.02,1727.1,3889.24455,2021,3,8
2021-03-08 13:40:00+00:00,1727.1,1732.0,1726.19,1730.68,2735.82531,2021,3,8
2021-03-08 13:45:00+00:00,1730.65,1731.99,1727.95,1730.61,2267.60276,2021,3,8
2021-03-08 13:50:00+00:00,1730.61,1732.31,1728.24,1731.58,2235.91255,2021,3,8
2021-03-08 13:55:00+00:00,1731.42,1736.25,1728.9,1736.03,1865.50641,2021,3,8
2021-03-08 14:00:00+00:00,1736.03,1736.27,1728.71,1730.15,3628.86627,2021,3,8
2021-03-08 14:05:00+00:00,1730.18,1731.6,1728.85,1729.51,1977.19621,2021,3,8
2021-03-08 14:10:00+00:00,1729.41,1730.0,1719.39,1722.34,3883.7473,2021,3,8
2021-03-08 14:15:00+00:00,1722.35,1735.05,1722.25,1735.05,2957.11886,2021,3,8
2021-03-08 14:20:00+00:00,1734.99,1735.16,1730.63,1732.82,1887.46094,2021,3,8
2021-03-08 14:25:00+00:00,1732.81,1734.88,1731.35,1734.43,1271.98312,2021,3,8
2021-03-08 14:30:00+00:00,1734.43,1734.43,1720.2,1720.83,4330.12268,2021,3,8
2021-03-08 14:35:00+00:00,1720.5,1724.81,1710.0,1724.24,5551.40348,2021,3,8
2021-03-08 14:40:00+00:00,1724.39,1746.0,1723.36,1742.25,10154.76368,2021,3,8
2021-03-08 14:45:00+00:00,1742.2,1749.0,1733.05,1733.48,6804.82851,2021,3,8
2021-03-08 14:50:00+00:00,1733.3,1738.51,1730.09,1736.55,4704.67575,2021,3,8
2021-03-08 14:55:00+00:00,1736.57,1742.3,1730.0,1733.6,5584.57129,2021,3,8
2021-03-08 15:00:00+00:00,1733.58,1737.07,1721.62,1728.82,6997.80057,2021,3,8
2021-03-08 15:05:00+00:00,1728.53,1739.24,1722.92,1737.41,6122.37313,2021,3,8
2021-03-08 15:10:00+00:00,1737.4,1744.0,1735.55,1742.53,5677.54048,2021,3,8
2021-03-08 15:15:00+00:00,1742.54,1744.82,1738.94,1744.12,3978.95695,2021,3,8
2021-03-08 15:20:00+00:00,1744.39,1745.0,1737.57,1741.42,4352.4868,2021,3,8
2021-03-08 15:25:00+00:00,1741.39,1743.08,1739.02,1742.91,2677.05398,2021,3,8
2021-03-08 15:30:00+00:00,1742.91,1749.02,1742.24,1747.0,8957.1049,2021,3,8
2021-03-08 15:35:00+00:00,1747.0,1751.21,1743.59,1745.0,6267.95712,2021,3,8
2021-03-08 15:40:00+00:00,1745.0,1748.17,1743.86,1746.68,3028.97961,2021,3,8
2021-03-08 15:45:00+00:00,1746.67,1750.21,1740.01,1740.52,4441.26944,2021,3,8
2021-03-08 15:50:00+00:00,1740.51,1743.63,1736.05,1737.17,4243.4102,2021,3,8
2021-03-08 15:55:00+00:00,1737.33,1743.14,1737.26,1742.06,3201.11363,2021,3,8
2021-03-08 16:00:00+00:00,1742.1,1748.0,1736.99,1737.56,5917.3071,2021,3,8
2021-03-08 16:05:00+00:00,1737.57,1738.91,1730.6,1731.49,4444.35357,2021,3,8
2021-03-08 16:10:00+00:00,1731.39,1732.89,1726.31,1729.14,4061.16227,2021,3,8
2021-03-08 16:15:00+00:00,1729.13,1733.68,1726.79,1733.46,3258.16069,2021,3,8
2021-03-08 16:20:00+00:00,1733.47,1739.0,1732.63,1738.48,2322.42992,2021,3,8
2021-03-08 16:25:00+00:00,1738.48,1738.59,1733.11,1735.02,2447.64497,2021,3,8
2021-03-08 16:30:00+00:00,1735.06,1736.78,1729.01,1732.41,3056.83694,2021,3,8
2021-03-08 16:35:00+00:00,1732.82,1733.24,1728.15,1730.74,2350.05198,2021,3,8
2021-03-08 16:40:00+00:00,1730.77,1731.4,1722.35,1724.25,4558.01045,2021,3,8
2021-03-08 16:45:00+00:00,1724.46,1730.0,1722.63,1728.47,2956.14743,2021,3,8
2021-03-08 16:50:00+00:00,1728.48,1728.57,1723.27,1725.84,2845.51185,2021,3,8
2021-03-08 16:55:00+00:00,1725.8,1731.0,1725.62,1729.11,1938.94638,2021,3,8
2021-03-08 17:00:00+00:00,1729.11,1731.18,1726.95,1727.72,2815.6748,2021,3,8
2021-03-08 17:05:00+00:00,1727.72,1733.99,1726.67,1732.37,2225.73968,2021,3,8
2021-03-08 17:10:00+00:00,1732.37,1734.82,1728.57,1730.08,1866.66307,2021,3,8
2021-03-08 17:15:00+00:00,1730.09,1731.04,1725.0,1725.28,2190.74794,2021,3,8
2021-03-08 17:20:00+00:00,1725.54,1732.23,1723.59,1731.47,2203.96072,2021,3,8
2021-03-08 17:25:00+00:00,1731.47,1735.71,1730.11,1735.36,2125.87552,2021,3,8
2021-03-08 17:30:00+00:00,1735.25,1735.25,1728.69,1733.64,2306.80989,2021,3,8
2021-03-08 17:35:00+00:00,1733.38,1737.59,1729.09,1733.95,2374.38505,2021,3,8
2021-03-08 17:40:00+00:00,1733.77,1739.5,1733.0,1738.48,2319.50763,2021,3,8
2021-03-08 17:45:00+00:00,1738.59,1742.33,1736.61,1740.13,2419.56734,2021,3,8
2021-03-08 17:50:00+00:00,1740.14,1740.62,1734.0,1734.51,1852.444,2021,3,8
2021-03-08 17:55:00+00:00,1734.51,1736.61,1729.05,1734.67,2595.12648,2021,3,8
2021-03-08 18:00:00+00:00,1734.84,1737.81,1732.73,1732.73,1362.73007,2021,3,8
2021-03-08 18:05:00+00:00,1732.73,1734.99,1731.94,1733.54,2056.54333,2021,3,8
2021-03-08 18:10:00+00:00,1733.54,1737.55,1733.53,1735.86,1505.42279,2021,3,8
2021-03-08 18:15:00+00:00,1735.87,1743.61,1735.68,1742.49,2509.90571,2021,3,8
2021-03-08 18:20:00+00:00,1742.49,1747.84,1740.56,1746.22,4863.99448,2021,3,8
2021-03-08 18:25:00+00:00,1746.22,1746.82,1742.41,1745.57,1529.63544,2021,3,8
2021-03-08 18:30:00+00:00,1745.57,1746.28,1740.45,1741.06,2021.2737,2021,3,8
2021-03-08 18:35:00+00:00,1741.07,1742.75,1737.09,1737.62,2353.75915,2021,3,8
2021-03-08 18:40:00+00:00,1737.61,1738.87,1733.5,1734.43,3382.98347,2021,3,8
2021-03-08 18:45:00+00:00,1734.43,1746.85,1734.11,1745.84,3980.60837,2021,3,8
2021-03-08 18:50:00+00:00,1745.84,1747.9,1743.44,1743.54,3261.40288,2021,3,8
2021-03-08 18:55:00+00:00,1743.53,1743.85,1740.45,1741.81,2287.05038,2021,3,8
2021-03-08 19:00:00+00:00,1741.83,1747.66,1741.46,1745.98,3021.50937,2021,3,8
2021-03-08 19:05:00+00:00,1745.98,1747.66,1743.25,1747.13,2232.77579,2021,3,8
2021-03-08 19:10:00+00:00,1747.13,1754.41,1744.85,1754.08,4895.94335,2021,3,8
2021-03-08 19:15:00+00:00,1754.1,1768.1,1754.1,1761.82,11544.31246,2021,3,8
2021-03-08 19:20:00+00:00,1761.94,1763.04,1757.03,1757.76,4031.53266,2021,3,8
2021-03-08 19:25:00+00:00,1757.95,1764.37,1757.77,1762.49,3028.6129,2021,3,8
2021-03-08 19:30:00+00:00,1762.5,1776.91,1762.5,1770.86,7292.86691,2021,3,8
2021-03-08 19:35:00+00:00,1770.91,1778.78,1770.59,1776.81,4711.71378,2021,3,8
2021-03-08 19:40:00+00:00,1776.81,1780.0,1775.0,1776.62,5798.07537,2021,3,8
2021-03-08 19:45:00+00:00,1776.61,1779.5,1775.0,1776.64,4107.39559,2021,3,8
2021-03-08 19:50:00+00:00,1776.87,1778.83,1772.0,1776.65,3791.98345,2021,3,8
2021-03-08 19:55:00+00:00,1776.75,1776.75,1771.78,1773.6,2544.55528,2021,3,8
2021-03-08 20:00:00+00:00,1773.61,1777.0,1766.23,1767.29,3747.24485,2021,3,8
2021-03-08 20:05:00+00:00,1767.34,1773.6,1767.29,1771.54,2695.17034,2021,3,8
2021-03-08 20:10:00+00:00,1771.54,1773.0,1767.29,1772.24,2547.65974,2021,3,8
2021-03-08 20:15:00+00:00,1771.99,1772.13,1764.2,1766.98,2195.0069,2021,3,8
2021-03-08 20:20:00+00:00,1766.98,1773.43,1766.74,1772.54,2098.72167,2021,3,8
2021-03-08 20:25:00+00:00,1772.54,1777.0,1772.0,1773.68,3070.38283,2021,3,8
2021-03-08 20:30:00+00:00,1773.7,1776.16,1770.7,1770.78,2255.89938,2021,3,8
2021-03-08 20:35:00+00:00,1770.77,1774.0,1768.76,1770.38,3395.97428,2021,3,8
2021-03-08 20:40:00+00:00,1770.38,1778.34,1770.01,1778.03,3653.49786,2021,3,8
2021-03-08 20:45:00+00:00,1777.93,1779.0,1772.49,1775.1,3508.6413,2021,3,8
2021-03-08 20:50:00+00:00,1775.1,1778.0,1766.31,1766.31,5231.18527,2021,3,8
2021-03-08 20:55:00+00:00,1766.31,1773.95,1766.1,1771.26,2092.52524,2021,3,8
2021-03-08 21:00:00+00:00,1771.27,1780.0,1771.27,1774.93,3903.33515,2021,3,8
2021-03-08 21:05:00+00:00,1774.92,1775.03,1766.66,1770.26,3097.41321,2021,3,8
2021-03-08 21:10:00+00:00,1770.25,1785.0,1769.12,1784.04,5554.85239,2021,3,8
2021-03-08 21:15:00+00:00,1784.15,1788.78,1778.77,1786.71,4637.46368,2021,3,8
2021-03-08 21:20:00+00:00,1786.71,1788.49,1783.03,1785.68,2701.5058,2021,3,8
2021-03-08 21:25:00+00:00,1785.68,1786.08,1781.86,1783.0,1861.79444,2021,3,8
2021-03-08 21:30:00+00:00,1782.99,1787.89,1781.63,1787.82,1581.47646,2021,3,8
2021-03-08 21:35:00+00:00,1787.86,1788.12,1780.04,1782.35,2248.43254,2021,3,8
2021-03-08 21:40:00+00:00,1782.35,1786.21,1780.82,1785.51,2055.75175,2021,3,8
2021-03-08 21:45:00+00:00,1785.51,1788.55,1785.03,1787.66,2381.99543,2021,3,8
2021-03-08 21:50:00+00:00,1787.7,1793.0,1787.0,1791.16,5535.77757,2021,3,8
2021-03-08 21:55:00+00:00,1791.02,1793.0,1786.86,1789.3,3228.79419,2021,3,8
2021-03-08 22:00:00+00:00,1789.32,1790.02,1785.35,1785.41,3131.70775,2021,3,8
2021-03-08 22:05:00+00:00,1785.73,1793.11,1784.12,1790.24,2310.44604,2021,3,8
2021-03-08 22:10:00+00:00,1790.26,1794.95,1789.0,1789.05,2458.66423,2021,3,8
2021-03-08 22:15:00+00:00,1789.07,1790.99,1787.19,1790.47,1850.54293,2021,3,8
2021-03-08 22:20:00+00:00,1790.23,1790.93,1779.78,1780.63,2075.07351,2021,3,8
2021-03-08 22:25:00+00:00,1780.71,1782.83,1771.46,1776.37,3027.01005,2021,3,8
2021-03-08 22:30:00+00:00,1775.96,1783.0,1775.73,1782.81,1263.53649,2021,3,8
2021-03-08 22:35:00+00:00,1782.82,1790.16,1782.76,1786.65,1971.02084,2021,3,8
2021-03-08 22:40:00+00:00,1786.65,1788.11,1778.34,1778.34,1395.60613,2021,3,8
2021-03-08 22:45:00+00:00,1778.29,1784.78,1777.85,1782.34,1604.96701,2021,3,8
2021-03-08 22:50:00+00:00,1782.33,1789.0,1782.01,1788.45,2764.41276,2021,3,8
2021-03-08 22:55:00+00:00,1788.45,1788.46,1784.02,1788.13,1768.23024,2021,3,8
2021-03-08 23:00:00+00:00,1788.12,1792.0,1785.09,1792.0,2588.75896,2021,3,8
2021-03-08 23:05:00+00:00,1792.0,1799.9,1791.88,1799.25,4332.59413,2021,3,8
2021-03-08 23:10:00+00:00,1799.19,1799.99,1794.47,1799.9,3242.85448,2021,3,8
2021-03-08 23:15:00+00:00,1799.89,1813.22,1799.8,1813.07,8889.1366,2021,3,8
2021-03-08 23:20:00+00:00,1813.09,1815.09,1805.0,1809.45,5454.56712,2021,3,8
2021-03-08 23:25:00+00:00,1809.31,1814.0,1808.53,1814.0,2992.4883,2021,3,8
2021-03-08 23:30:00+00:00,1813.99,1823.49,1812.5,1820.9,7853.50444,2021,3,8
2021-03-08 23:35:00+00:00,1820.9,1826.62,1818.82,1826.47,6540.87831,2021,3,8
2021-03-08 23:40:00+00:00,1826.46,1832.99,1821.67,1832.39,9566.91499,2021,3,8
2021-03-08 23:45:00+00:00,1832.46,1838.0,1831.26,1833.63,6350.36871,2021,3,8
2021-03-08 23:50:00+00:00,1833.71,1837.75,1830.01,1835.54,13220.13271,2021,3,8
2021-03-08 23:55:00+00:00,1835.54,1843.59,1829.34,1833.18,8968.57857,2021,3,8
2021-03-09 00:00:00+00:00,1833.22,1843.88,1833.22,1838.58,8051.31198,2021,3,9
2021-03-09 00:05:00+00:00,1838.63,1841.5,1823.02,1827.75,6488.32053,2021,3,9
2021-03-09 00:10:00+00:00,1827.56,1828.73,1824.17,1828.4,3537.88315,2021,3,9
2021-03-09 00:15:00+00:00,1828.4,1829.81,1821.19,1822.59,4497.67496,2021,3,9
2021-03-09 00:20:00+00:00,1822.6,1822.63,1808.02,1808.07,9763.68534,2021,3,9
2021-03-09 00:25:00+00:00,1808.07,1816.58,1808.07,1811.65,4119.44665,2021,3,9
2021-03-09 00:30:00+00:00,1811.65,1818.0,1807.14,1814.69,4397.79206,2021,3,9
2021-03-09 00:35:00+00:00,1814.7,1819.0,1813.55,1817.61,2584.76956,2021,3,9
2021-03-09 00:40:00+00:00,1817.72,1822.82,1817.61,1818.33,2777.3837,2021,3,9
2021-03-09 00:45:00+00:00,1818.19,1820.0,1813.51,1819.49,2403.18668,2021,3,9
2021-03-09 00:50:00+00:00,1819.25,1821.58,1812.72,1815.19,3667.9861,2021,3,9
2021-03-09 00:55:00+00:00,1815.2,1817.64,1811.15,1814.91,2023.58029,2021,3,9
2021-03-09 01:00:00+00:00,1814.9,1827.99,1813.66,1822.81,3680.90834,2021,3,9
2021-03-09 01:05:00+00:00,1822.75,1823.97,1819.17,1819.6,2816.69067,2021,3,9
2021-03-09 01:10:00+00:00,1819.6,1824.11,1819.59,1823.22,2349.7335,2021,3,9
2021-03-09 01:15:00+00:00,1823.23,1831.25,1823.23,1828.11,3650.93981,2021,3,9
2021-03-09 01:20:00+00:00,1828.12,1839.66,1828.11,1838.33,5179.82697,2021,3,9
2021-03-09 01:25:00+00:00,1838.34,1839.98,1833.95,1836.21,4366.88848,2021,3,9
2021-03-09 01:30:00+00:00,1836.22,1850.83,1835.89,1847.91,11054.4294,2021,3,9
2021-03-09 01:35:00+00:00,1847.84,1858.0,1844.66,1850.44,10123.14828,2021,3,9
2021-03-09 01:40:00+00:00,1850.43,1852.48,1847.16,1848.08,4959.7816,2021,3,9
2021-03-09 01:45:00+00:00,1848.09,1852.98,1840.11,1844.57,6467.97844,2021,3,9
2021-03-09 01:50:00+00:00,1844.55,1849.04,1838.71,1843.83,7032.15647,2021,3,9
2021-03-09 01:55:00+00:00,1843.75,1845.0,1840.04,1843.93,3169.15999,2021,3,9
2021-03-09 02:00:00+00:00,1844.17,1850.31,1838.4,1839.03,11200.85973,2021,3,9
2021-03-09 02:05:00+00:00,1838.97,1842.11,1833.69,1836.66,3557.72549,2021,3,9
2021-03-09 02:10:00+00:00,1836.79,1837.33,1834.0,1836.88,2974.74267,2021,3,9
2021-03-09 02:15:00+00:00,1836.78,1841.51,1836.65,1839.37,2779.37264,2021,3,9
2021-03-09 02:20:00+00:00,1839.29,1841.22,1836.28,1837.39,2105.39759,2021,3,9
2021-03-09 02:25:00+00:00,1837.31,1842.52,1836.29,1841.25,1957.10556,2021,3,9
2021-03-09 02:30:00+00:00,1841.25,1845.34,1833.71,1834.8,3804.79195,2021,3,9
2021-03-09 02:35:00+00:00,1834.8,1842.32,1833.0,1840.03,3178.5732,2021,3,9
2021-03-09 02:40:00+00:00,1840.02,1842.78,1835.41,1842.57,3419.86897,2021,3,9
2021-03-09 02:45:00+00:00,1842.57,1844.9,1836.88,1837.78,2055.53496,2021,3,9
2021-03-09 02:50:00+00:00,1837.78,1841.31,1836.62,1840.6,2159.99742,2021,3,9
2021-03-09 02:55:00+00:00,1840.59,1844.86,1838.39,1841.82,2654.42339,2021,3,9
2021-03-09 03:00:00+00:00,1841.82,1856.12,1841.81,1848.73,10459.94954,2021,3,9
2021-03-09 03:05:00+00:00,1848.72,1849.48,1840.33,1840.9,2743.57739,2021,3,9
2021-03-09 03:10:00+00:00,1840.9,1845.04,1838.39,1840.3,2276.81868,2021,3,9
2021-03-09 03:15:00+00:00,1840.3,1850.2,1840.3,1848.57,3045.34169,2021,3,9
2021-03-09 03:20:00+00:00,1848.7,1855.75,1847.72,1848.49,3040.99969,2021,3,9
2021-03-09 03:25:00+00:00,1848.46,1853.74,1848.24,1851.09,1877.79823,2021,3,9
2021-03-09 03:30:00+00:00,1851.13,1859.61,1851.13,1855.9,7786.98825,2021,3,9
2021-03-09 03:35:00+00:00,1855.94,1857.56,1846.07,1851.5,4672.67329,2021,3,9
2021-03-09 03:40:00+00:00,1851.53,1858.0,1850.0,1851.72,3008.79009,2021,3,9
2021-03-09 03:45:00+00:00,1851.96,1855.71,1850.0,1850.0,2702.58382,2021,3,9
2021-03-09 03:50:00+00:00,1850.0,1853.12,1845.7,1847.0,3697.68354,2021,3,9
2021-03-09 03:55:00+00:00,1846.99,1849.66,1843.66,1848.0,3402.51067,2021,3,9
2021-03-09 04:00:00+00:00,1848.01,1849.97,1842.73,1846.37,2598.62552,2021,3,9
2021-03-09 04:05:00+00:00,1846.46,1847.39,1833.0,1833.73,3881.74728,2021,3,9
2021-03-09 04:10:00+00:00,1833.45,1833.46,1824.01,1824.06,5201.26963,2021,3,9
2021-03-09 04:15:00+00:00,1824.01,1836.0,1823.03,1835.56,4329.04426,2021,3,9
2021-03-09 04:20:00+00:00,1835.56,1836.77,1831.77,1836.49,2580.21554,2021,3,9
2021-03-09 04:25:00+00:00,1836.3,1842.61,1834.53,1842.57,2410.9602,2021,3,9
2021-03-09 04:30:00+00:00,1842.58,1842.59,1835.64,1837.19,2304.20348,2021,3,9
2021-03-09 04:35:00+00:00,1837.23,1844.26,1835.65,1844.0,1720.00891,2021,3,9
2021-03-09 04:40:00+00:00,1843.99,1844.79,1840.65,1840.65,1764.04448,2021,3,9
2021-03-09 04:45:00+00:00,1840.65,1847.58,1840.65,1845.23,3486.33657,2021,3,9
2021-03-09 04:50:00+00:00,1845.23,1845.67,1840.6,1841.34,1620.51606,2021,3,9
2021-03-09 04:55:00+00:00,1841.27,1842.18,1834.69,1836.1,1947.25299,2021,3,9
2021-03-09 05:00:00+00:00,1835.96,1843.92,1835.72,1843.52,1843.12015,2021,3,9
2021-03-09 05:05:00+00:00,1843.31,1849.4,1842.34,1846.3,2136.35034,2021,3,9
2021-03-09 05:10:00+00:00,1846.42,1852.0,1846.11,1847.7,2921.47311,2021,3,9
2021-03-09 05:15:00+00:00,1847.7,1849.11,1840.21,1841.75,4645.19524,2021,3,9
2021-03-09 05:20:00+00:00,1841.58,1849.0,1840.18,1840.88,6326.68836,2021,3,9
2021-03-09 05:25:00+00:00,1840.99,1843.37,1838.64,1841.9,3835.46343,2021,3,9
2021-03-09 05:30:00+00:00,1841.97,1844.98,1836.01,1837.39,3256.0662,2021,3,9
2021-03-09 05:35:00+00:00,1837.39,1841.2,1836.8,1837.62,2017.95969,2021,3,9
2021-03-09 05:40:00+00:00,1837.63,1841.48,1837.29,1837.8,1310.64616,2021,3,9
2021-03-09 05:45:00+00:00,1837.75,1840.68,1836.17,1838.22,2203.34374,2021,3,9
2021-03-09 05:50:00+00:00,1838.09,1839.39,1835.08,1838.07,2006.11779,2021,3,9
2021-03-09 05:55:00+00:00,1838.08,1842.93,1837.04,1841.92,2206.86632,2021,3,9
2021-03-09 06:00:00+00:00,1841.88,1846.34,1839.75,1845.96,2494.94363,2021,3,9
2021-03-09 06:05:00+00:00,1845.8,1845.8,1840.14,1841.86,2748.49108,2021,3,9
2021-03-09 06:10:00+00:00,1841.85,1842.44,1838.38,1839.78,2358.35551,2021,3,9
2021-03-09 06:15:00+00:00,1839.77,1844.18,1839.77,1842.73,1756.95676,2021,3,9
2021-03-09 06:20:00+00:00,1842.73,1842.73,1837.9,1838.0,1553.3523,2021,3,9
2021-03-09 06:25:00+00:00,1837.99,1838.6,1827.65,1828.86,3704.08632,2021,3,9
2021-03-09 06:30:00+00:00,1829.22,1840.0,1828.85,1839.99,1700.00671,2021,3,9
2021-03-09 06:35:00+00:00,1840.0,1841.63,1836.88,1839.71,1765.55847,2021,3,9
2021-03-09 06:40:00+00:00,1839.71,1839.99,1832.53,1833.17,1943.51733,2021,3,9
2021-03-09 06:45:00+00:00,1833.19,1836.62,1828.63,1831.45,3862.00187,2021,3,9
2021-03-09 06:50:00+00:00,1831.55,1833.32,1828.96,1830.51,2391.69334,2021,3,9
2021-03-09 06:55:00+00:00,1830.73,1832.19,1829.22,1829.83,1957.42716,2021,3,9
2021-03-09 07:00:00+00:00,1829.83,1832.9,1813.87,1816.54,7738.99224,2021,3,9
2021-03-09 07:05:00+00:00,1816.54,1823.36,1815.41,1822.49,4149.39326,2021,3,9
2021-03-09 07:10:00+00:00,1822.49,1826.81,1818.1,1826.46,3150.05509,2021,3,9
2021-03-09 07:15:00+00:00,1826.45,1827.72,1820.4,1822.64,2923.46045,2021,3,9
2021-03-09 07:20:00+00:00,1822.65,1824.24,1819.18,1821.07,2619.86738,2021,3,9
2021-03-09 07:25:00+00:00,1821.07,1822.9,1818.02,1822.58,3896.1457,2021,3,9
2021-03-09 07:30:00+00:00,1822.59,1822.59,1817.18,1819.98,2405.50217,2021,3,9
2021-03-09 07:35:00+00:00,1819.98,1820.28,1815.2,1818.93,3141.51287,2021,3,9
2021-03-09 07:40:00+00:00,1819.19,1820.88,1812.59,1819.8,3306.06019,2021,3,9
2021-03-09 07:45:00+00:00,1819.79,1830.53,1819.79,1828.77,3433.05199,2021,3,9
2021-03-09 07:50:00+00:00,1828.27,1829.43,1819.2,1819.3,2971.19759,2021,3,9
2021-03-09 07:55:00+00:00,1819.55,1821.02,1810.34,1811.44,4489.75493,2021,3,9
2021-03-09 08:00:00+00:00,1812.26,1821.04,1809.7,1817.8,5799.01985,2021,3,9
2021-03-09 08:05:00+00:00,1817.69,1818.9,1810.0,1810.45,3713.55878,2021,3,9
2021-03-09 08:10:00+00:00,1810.1,1817.87,1810.0,1816.16,3191.39527,2021,3,9
2021-03-09 08:15:00+00:00,1816.16,1819.84,1813.21,1817.26,2943.54908,2021,3,9
2021-03-09 08:20:00+00:00,1817.27,1825.76,1816.97,1824.92,3389.709,2021,3,9
2021-03-09 08:25:00+00:00,1824.93,1827.74,1820.58,1820.58,3420.52586,2021,3,9
2021-03-09 08:30:00+00:00,1820.59,1830.0,1817.11,1825.23,4201.14732,2021,3,9
2021-03-09 08:35:00+00:00,1825.24,1828.0,1822.98,1825.45,2028.49122,2021,3,9
2021-03-09 08:40:00+00:00,1825.49,1827.5,1824.01,1825.42,2125.48958,2021,3,9
2021-03-09 08:45:00+00:00,1825.42,1830.0,1825.33,1827.47,2631.94342,2021,3,9
2021-03-09 08:50:00+00:00,1827.46,1830.0,1827.29,1828.16,2209.30397,2021,3,9
2021-03-09 08:55:00+00:00,1828.17,1836.13,1827.0,1833.62,5072.0721,2021,3,9
2021-03-09 09:00:00+00:00,1833.74,1836.12,1832.01,1832.21,2765.45161,2021,3,9
2021-03-09 09:05:00+00:00,1832.22,1837.91,1830.88,1832.1,3239.88041,2021,3,9
2021-03-09 09:10:00+00:00,1832.27,1833.0,1830.0,1830.7,2890.17793,2021,3,9
2021-03-09 09:15:00+00:00,1830.87,1831.76,1824.52,1827.34,4013.49697,2021,3,9
2021-03-09 09:20:00+00:00,1827.2,1828.46,1825.36,1827.49,2337.67849,2021,3,9
2021-03-09 09:25:00+00:00,1827.49,1830.0,1825.43,1829.16,2236.73746,2021,3,9
2021-03-09 09:30:00+00:00,1829.31,1840.0,1829.26,1837.83,3979.03688,2021,3,9
2021-03-09 09:35:00+00:00,1837.72,1839.5,1833.5,1837.4,2661.5454,2021,3,9
2021-03-09 09:40:00+00:00,1837.35,1837.63,1834.29,1835.91,1870.84585,2021,3,9
2021-03-09 09:45:00+00:00,1835.92,1835.92,1828.16,1828.37,2864.19136,2021,3,9
2021-03-09 09:50:00+00:00,1828.36,1831.7,1825.26,1827.19,2630.86248,2021,3,9
2021-03-09 09:55:00+00:00,1827.19,1832.63,1826.36,1828.76,2835.48026,2021,3,9
2021-03-09 10:00:00+00:00,1828.74,1833.5,1827.11,1832.35,2522.99251,2021,3,9
2021-03-09 10:05:00+00:00,1832.35,1835.0,1826.76,1833.55,4538.88544,2021,3,9
2021-03-09 10:10:00+00:00,1833.55,1834.71,1830.17,1831.57,2780.91754,2021,3,9
2021-03-09 10:15:00+00:00,1831.65,1831.99,1825.7,1826.06,3034.47601,2021,3,9
2021-03-09 10:20:00+00:00,1826.09,1828.22,1825.71,1825.87,2478.04526,2021,3,9
2021-03-09 10:25:00+00:00,1825.86,1828.31,1825.71,1825.89,3319.845,2021,3,9
2021-03-09 10:30:00+00:00,1825.89,1827.95,1823.04,1824.25,2893.36016,2021,3,9
2021-03-09 10:35:00+00:00,1824.3,1824.34,1812.14,1821.81,4019.19252,2021,3,9
2021-03-09 10:40:00+00:00,1821.81,1821.81,1817.63,1819.71,2241.69333,2021,3,9
2021-03-09 10:45:00+00:00,1819.88,1822.88,1818.56,1822.88,3085.62248,2021,3,9
2021-03-09 10:50:00+00:00,1822.87,1828.1,1821.71,1827.78,1863.80247,2021,3,9
2021-03-09 10:55:00+00:00,1827.78,1828.0,1823.26,1824.82,2205.47861,2021,3,9
2021-03-09 11:00:00+00:00,1824.82,1827.84,1818.88,1827.67,2232.28409,2021,3,9
2021-03-09 11:05:00+00:00,1827.67,1833.19,1827.54,1832.28,2136.32787,2021,3,9
2021-03-09 11:10:00+00:00,1832.18,1832.61,1825.78,1827.8,1914.05617,2021,3,9
2021-03-09 11:15:00+00:00,1827.65,1829.88,1826.35,1828.0,1207.34669,2021,3,9
2021-03-09 11:20:00+00:00,1828.01,1830.39,1825.64,1825.97,1342.76446,2021,3,9
2021-03-09 11:25:00+00:00,1825.89,1825.92,1821.02,1824.9,1789.32311,2021,3,9
2021-03-09 11:30:00+00:00,1824.89,1825.24,1818.22,1820.0,3051.82372,2021,3,9
2021-03-09 11:35:00+00:00,1820.0,1827.98,1819.87,1826.23,1629.66222,2021,3,9
2021-03-09 11:40:00+00:00,1826.23,1830.5,1825.0,1827.99,2401.47078,2021,3,9
2021-03-09 11:45:00+00:00,1827.69,1827.69,1822.88,1825.0,1142.05348,2021,3,9
2021-03-09 11:50:00+00:00,1825.0,1831.0,1824.56,1830.73,2545.19076,2021,3,9
2021-03-09 11:55:00+00:00,1830.72,1830.73,1824.62,1827.21,1266.57948,2021,3,9
2021-03-09 12:00:00+00:00,1827.25,1827.25,1821.4,1826.99,2096.80274,2021,3,9
2021-03-09 12:05:00+00:00,1826.93,1827.17,1820.0,1821.75,2466.42384,2021,3,9
2021-03-09 12:10:00+00:00,1821.62,1823.27,1819.69,1822.88,2914.49293,2021,3,9
2021-03-09 12:15:00+00:00,1822.88,1825.23,1819.59,1820.32,2036.10546,2021,3,9
2021-03-09 12:20:00+00:00,1820.31,1823.61,1818.37,1821.7,1654.97939,2021,3,9
2021-03-09 12:25:00+00:00,1821.51,1824.53,1820.32,1822.13,2025.78513,2021,3,9
2021-03-09 12:30:00+00:00,1822.13,1823.49,1809.75,1813.12,4658.4571,2021,3,9
2021-03-09 12:35:00+00:00,1813.13,1818.47,1813.12,1817.07,2800.6545,2021,3,9
2021-03-09 12:40:00+00:00,1816.96,1818.92,1815.06,1816.0,1590.16164,2021,3,9
2021-03-09 12:45:00+00:00,1815.83,1816.59,1811.74,1812.87,2989.4151,2021,3,9
2021-03-09 12:50:00+00:00,1812.87,1814.95,1798.2,1802.46,6838.94836,2021,3,9
2021-03-09 12:55:00+00:00,1802.45,1809.35,1802.0,1804.97,3661.31658,2021,3,9
2021-03-09 13:00:00+00:00,1804.97,1811.98,1800.51,1809.68,8203.7179,2021,3,9
2021-03-09 13:05:00+00:00,1809.68,1813.08,1809.1,1809.36,2237.3852,2021,3,9
2021-03-09 13:10:00+00:00,1809.36,1813.0,1808.14,1810.41,2374.89032,2021,3,9
2021-03-09 13:15:00+00:00,1810.41,1820.41,1810.21,1820.14,2617.58698,2021,3,9
2021-03-09 13:20:00+00:00,1820.14,1821.98,1817.13,1821.69,2937.32054,2021,3,9
2021-03-09 13:25:00+00:00,1821.66,1822.47,1820.0,1820.43,1926.21255,2021,3,9
2021-03-09 13:30:00+00:00,1820.43,1824.0,1820.04,1823.72,1730.18657,2021,3,9
2021-03-09 13:35:00+00:00,1823.72,1824.75,1818.06,1824.49,2301.14345,2021,3,9
2021-03-09 13:40:00+00:00,1824.49,1832.37,1821.63,1829.99,4413.85944,2021,3,9
2021-03-09 13:45:00+00:00,1829.99,1841.33,1829.89,1840.33,5555.1294,2021,3,9
2021-03-09 13:50:00+00:00,1840.18,1840.18,1834.76,1837.26,3523.83816,2021,3,9
2021-03-09 13:55:00+00:00,1837.26,1840.98,1835.6,1839.21,2837.75893,2021,3,9
2021-03-09 14:00:00+00:00,1839.21,1841.27,1830.38,1834.04,5250.73708,2021,3,9
2021-03-09 14:05:00+00:00,1834.23,1834.95,1830.25,1833.33,2085.17541,2021,3,9
2021-03-09 14:10:00+00:00,1833.34,1833.4,1829.51,1832.58,2149.5149,2021,3,9
2021-03-09 14:15:00+00:00,1832.58,1832.58,1826.56,1828.77,2932.91087,2021,3,9
2021-03-09 14:20:00+00:00,1828.76,1829.42,1825.06,1828.53,1994.5942,2021,3,9
2021-03-09 14:25:00+00:00,1828.31,1834.62,1824.44,1832.02,5021.81891,2021,3,9
2021-03-09 14:30:00+00:00,1832.02,1835.56,1829.08,1833.53,2551.01348,2021,3,9
2021-03-09 14:35:00+00:00,1833.53,1833.53,1830.77,1831.14,2019.01432,2021,3,9
2021-03-09 14:40:00+00:00,1831.19,1832.35,1826.28,1826.74,2391.90241,2021,3,9
2021-03-09 14:45:00+00:00,1826.74,1831.25,1826.2,1830.84,1870.67002,2021,3,9
2021-03-09 14:50:00+00:00,1830.95,1834.84,1830.14,1831.4,2264.17035,2021,3,9
2021-03-09 14:55:00+00:00,1831.41,1832.49,1829.12,1829.84,2691.96704,2021,3,9
2021-03-09 15:00:00+00:00,1830.0,1831.01,1825.96,1826.4,4394.67123,2021,3,9
2021-03-09 15:05:00+00:00,1826.27,1828.7,1823.52,1824.3,2415.5273,2021,3,9
2021-03-09 15:10:00+00:00,1824.33,1824.66,1816.16,1816.62,4060.18033,2021,3,9
2021-03-09 15:15:00+00:00,1816.7,1824.28,1816.15,1819.74,2607.11636,2021,3,9
2021-03-09 15:20:00+00:00,1819.75,1821.33,1814.15,1821.32,3551.76978,2021,3,9
2021-03-09 15:25:00+00:00,1821.31,1827.75,1819.43,1825.47,3207.92109,2021,3,9
2021-03-09 15:30:00+00:00,1825.47,1826.65,1820.85,1823.12,1938.71859,2021,3,9
2021-03-09 15:35:00+00:00,1823.13,1823.36,1820.01,1822.75,1754.7914,2021,3,9
2021-03-09 15:40:00+00:00,1822.75,1824.17,1819.69,1821.9,1867.92253,2021,3,9
2021-03-09 15:45:00+00:00,1821.9,1823.51,1819.02,1819.02,1689.15815,2021,3,9
2021-03-09 15:50:00+00:00,1819.02,1821.23,1812.96,1819.5,3644.05295,2021,3,9
2021-03-09 15:55:00+00:00,1819.5,1833.37,1818.27,1832.38,3330.67106,2021,3,9
2021-03-09 16:00:00+00:00,1832.37,1847.31,1832.34,1844.24,7859.50091,2021,3,9
2021-03-09 16:05:00+00:00,1844.18,1844.18,1830.89,1831.2,3144.59477,2021,3,9
2021-03-09 16:10:00+00:00,1831.2,1831.21,1815.9,1817.77,5053.87724,2021,3,9
2021-03-09 16:15:00+00:00,1817.77,1829.8,1815.0,1828.53,2938.36174,2021,3,9
2021-03-09 16:20:00+00:00,1828.1,1830.25,1823.19,1825.69,2300.83812,2021,3,9
2021-03-09 16:25:00+00:00,1825.61,1826.26,1819.27,1821.67,1717.67388,2021,3,9
2021-03-09 16:30:00+00:00,1821.56,1828.9,1819.0,1828.89,1770.32189,2021,3,9
2021-03-09 16:35:00+00:00,1828.89,1837.89,1826.91,1832.4,3253.53102,2021,3,9
2021-03-09 16:40:00+00:00,1832.4,1835.0,1830.53,1832.99,2168.58384,2021,3,9
2021-03-09 16:45:00+00:00,1832.98,1837.0,1832.98,1833.99,3229.21991,2021,3,9
2021-03-09 16:50:00+00:00,1833.99,1835.99,1830.45,1833.8,2777.42268,2021,3,9
2021-03-09 16:55:00+00:00,1833.8,1834.91,1830.35,1831.41,2397.40491,2021,3,9
2021-03-09 17:00:00+00:00,1831.42,1835.92,1827.0,1835.23,3762.31077,2021,3,9
2021-03-09 17:05:00+00:00,1835.23,1839.37,1832.45,1839.04,3448.3166,2021,3,9
2021-03-09 17:10:00+00:00,1839.14,1839.29,1833.59,1834.74,3324.25324,2021,3,9
2021-03-09 17:15:00+00:00,1834.81,1837.0,1832.88,1833.07,3112.78684,2021,3,9
2021-03-09 17:20:00+00:00,1833.07,1835.29,1826.7,1830.0,3804.40486,2021,3,9
2021-03-09 17:25:00+00:00,1830.0,1830.0,1826.06,1828.26,2155.00847,2021,3,9
2021-03-09 17:30:00+00:00,1828.26,1828.53,1820.08,1820.41,1799.34591,2021,3,9
2021-03-09 17:35:00+00:00,1820.51,1823.81,1818.9,1818.99,1997.48858,2021,3,9
2021-03-09 17:40:00+00:00,1818.95,1822.0,1818.28,1819.66,2094.21838,2021,3,9
2021-03-09 17:45:00+00:00,1819.8,1820.25,1814.05,1815.92,2008.66303,2021,3,9
2021-03-09 17:50:00+00:00,1815.92,1821.57,1815.8,1821.05,1771.80158,2021,3,9
2021-03-09 17:55:00+00:00,1821.04,1821.7,1815.0,1815.45,2668.53931,2021,3,9
2021-03-09 18:00:00+00:00,1815.44,1822.5,1809.77,1820.6,4427.72607,2021,3,9
2021-03-09 18:05:00+00:00,1820.6,1824.61,1817.96,1818.95,1671.3168,2021,3,9
2021-03-09 18:10:00+00:00,1818.95,1821.3,1815.68,1816.87,1982.66799,2021,3,9
2021-03-09 18:15:00+00:00,1816.87,1822.71,1816.48,1822.17,1796.59172,2021,3,9
2021-03-09 18:20:00+00:00,1822.17,1822.81,1815.54,1816.62,1603.33918,2021,3,9
2021-03-09 18:25:00+00:00,1816.62,1820.8,1815.47,1819.0,1634.20553,2021,3,9
2021-03-09 18:30:00+00:00,1819.0,1822.63,1818.13,1821.29,2213.61793,2021,3,9
2021-03-09 18:35:00+00:00,1821.37,1823.86,1818.79,1822.81,1639.66128,2021,3,9
2021-03-09 18:40:00+00:00,1822.81,1824.97,1820.31,1823.69,1535.99399,2021,3,9
2021-03-09 18:45:00+00:00,1823.74,1823.9,1815.71,1816.11,1780.57657,2021,3,9
2021-03-09 18:50:00+00:00,1816.11,1823.43,1815.99,1820.84,1572.48161,2021,3,9
2021-03-09 18:55:00+00:00,1820.98,1822.8,1819.0,1820.16,1340.84096,2021,3,9
2021-03-09 19:00:00+00:00,1820.16,1822.94,1817.52,1821.37,1471.4663,2021,3,9
2021-03-09 19:05:00+00:00,1821.23,1822.0,1816.64,1816.67,1489.3623,2021,3,9
2021-03-09 19:10:00+00:00,1816.67,1820.79,1816.33,1819.02,1640.06105,2021,3,9
2021-03-09 19:15:00+00:00,1819.03,1821.32,1817.56,1819.67,1541.91028,2021,3,9
2021-03-09 19:20:00+00:00,1819.55,1827.3,1818.5,1825.24,1923.30888,2021,3,9
2021-03-09 19:25:00+00:00,1825.25,1825.57,1821.04,1822.33,1576.24672,2021,3,9
2021-03-09 19:30:00+00:00,1822.31,1822.86,1820.12,1820.29,879.33688,2021,3,9
2021-03-09 19:35:00+00:00,1820.28,1825.53,1816.91,1822.58,2011.89938,2021,3,9
2021-03-09 19:40:00+00:00,1822.58,1828.57,1822.3,1828.54,1558.58695,2021,3,9
2021-03-09 19:45:00+00:00,1828.54,1830.0,1826.73,1827.28,1788.34795,2021,3,9
2021-03-09 19:50:00+00:00,1827.28,1831.94,1826.79,1829.21,1296.70588,2021,3,9
2021-03-09 19:55:00+00:00,1829.23,1830.62,1826.89,1828.05,988.73119,2021,3,9
2021-03-09 20:00:00+00:00,1828.05,1833.55,1825.46,1828.65,2099.61776,2021,3,9
2021-03-09 20:05:00+00:00,1828.65,1830.39,1826.66,1827.91,1157.49365,2021,3,9
2021-03-09 20:10:00+00:00,1827.91,1829.12,1826.44,1826.93,1095.21016,2021,3,9
2021-03-09 20:15:00+00:00,1826.93,1829.53,1825.11,1827.31,1437.15168,2021,3,9
2021-03-09 20:20:00+00:00,1827.48,1831.58,1826.61,1830.17,1715.80423,2021,3,9
2021-03-09 20:25:00+00:00,1830.29,1835.0,1830.05,1834.23,1753.0014,2021,3,9
2021-03-09 20:30:00+00:00,1834.23,1836.7,1831.57,1836.59,1680.90512,2021,3,9
2021-03-09 20:35:00+00:00,1836.53,1836.72,1834.0,1836.19,1989.1965,2021,3,9
2021-03-09 20:40:00+00:00,1836.19,1837.59,1833.51,1836.72,1965.83637,2021,3,9
2021-03-09 20:45:00+00:00,1836.72,1841.0,1835.91,1837.88,4424.27441,2021,3,9
2021-03-09 20:50:00+00:00,1837.87,1837.87,1834.0,1837.01,2029.90734,2021,3,9
2021-03-09 20:55:00+00:00,1837.01,1837.02,1833.75,1834.35,1384.30807,2021,3,9
2021-03-09 21:00:00+00:00,1834.36,1836.99,1833.66,1834.23,1228.59874,2021,3,9
2021-03-09 21:05:00+00:00,1834.23,1835.38,1831.63,1834.01,1124.95861,2021,3,9
2021-03-09 21:10:00+00:00,1834.01,1834.99,1829.51,1830.1,2751.51471,2021,3,9
2021-03-09 21:15:00+00:00,1830.2,1833.46,1829.49,1830.74,2542.95823,2021,3,9
2021-03-09 21:20:00+00:00,1830.75,1833.2,1829.51,1829.54,1782.89392,2021,3,9
2021-03-09 21:25:00+00:00,1829.65,1829.69,1822.09,1822.1,2632.6557,2021,3,9
2021-03-09 21:30:00+00:00,1822.1,1822.15,1816.47,1820.77,2641.65441,2021,3,9
2021-03-09 21:35:00+00:00,1820.72,1825.81,1819.82,1824.28,1591.36176,2021,3,9
2021-03-09 21:40:00+00:00,1824.28,1827.36,1822.38,1825.15,1538.95429,2021,3,9
2021-03-09 21:45:00+00:00,1825.41,1832.6,1825.41,1831.9,1793.27609,2021,3,9
2021-03-09 21:50:00+00:00,1831.9,1832.27,1824.41,1825.5,2964.96141,2021,3,9
2021-03-09 21:55:00+00:00,1825.5,1825.56,1820.84,1823.96,1333.67034,2021,3,9
2021-03-09 22:00:00+00:00,1823.99,1829.1,1822.77,1825.62,1019.45701,2021,3,9
2021-03-09 22:05:00+00:00,1825.68,1829.99,1825.68,1828.57,1313.19948,2021,3,9
2021-03-09 22:10:00+00:00,1828.61,1829.04,1827.0,1828.68,2890.02121,2021,3,9
2021-03-09 22:15:00+00:00,1828.68,1828.68,1823.56,1827.99,1694.97153,2021,3,9
2021-03-09 22:20:00+00:00,1827.99,1828.15,1824.67,1826.5,1581.17969,2021,3,9
2021-03-09 22:25:00+00:00,1826.68,1827.76,1823.75,1824.12,760.38911,2021,3,9
2021-03-09 22:30:00+00:00,1824.02,1828.0,1821.83,1827.64,1143.94876,2021,3,9
2021-03-09 22:35:00+00:00,1827.96,1831.74,1827.38,1827.81,1053.08755,2021,3,9
2021-03-09 22:40:00+00:00,1827.63,1833.78,1827.32,1833.2,1121.58524,2021,3,9
2021-03-09 22:45:00+00:00,1833.21,1839.56,1833.21,1838.67,2246.14679,2021,3,9
2021-03-09 22:50:00+00:00,1838.71,1839.0,1835.79,1838.97,3291.44567,2021,3,9
2021-03-09 22:55:00+00:00,1838.91,1845.5,1838.35,1845.43,6525.65977,2021,3,9
2021-03-09 23:00:00+00:00,1845.43,1845.5,1837.59,1840.99,3024.81733,2021,3,9
2021-03-09 23:05:00+00:00,1840.99,1841.92,1839.0,1840.09,1451.74383,2021,3,9
2021-03-09 23:10:00+00:00,1840.1,1846.56,1839.02,1843.88,3610.12856,2021,3,9
2021-03-09 23:15:00+00:00,1843.88,1844.0,1840.29,1843.99,1934.80433,2021,3,9
2021-03-09 23:20:00+00:00,1843.99,1855.0,1842.61,1853.15,8942.3862,2021,3,9
2021-03-09 23:25:00+00:00,1853.15,1868.61,1852.0,1866.58,8735.92766,2021,3,9
2021-03-09 23:30:00+00:00,1866.63,1870.0,1857.89,1858.49,7487.06784,2021,3,9
2021-03-09 23:35:00+00:00,1858.71,1864.0,1858.57,1860.72,2569.69405,2021,3,9
2021-03-09 23:40:00+00:00,1860.7,1862.7,1858.71,1861.93,2065.35497,2021,3,9
2021-03-09 23:45:00+00:00,1861.92,1866.35,1860.65,1865.11,2014.62132,2021,3,9
2021-03-09 23:50:00+00:00,1865.0,1865.98,1863.31,1864.04,1576.43841,2021,3,9
2021-03-09 23:55:00+00:00,1864.05,1870.77,1863.83,1870.51,3074.7676,2021,3,9
2021-03-10 00:00:00+00:00,1870.5,1877.0,1865.28,1865.65,9403.39029,2021,3,10
2021-03-10 00:05:00+00:00,1865.59,1870.24,1862.65,1865.56,3693.8659,2021,3,10
2021-03-10 00:10:00+00:00,1865.31,1869.83,1863.57,1865.63,2587.25011,2021,3,10
2021-03-10 00:15:00+00:00,1865.77,1877.69,1864.58,1873.0,4284.21222,2021,3,10
2021-03-10 00:20:00+00:00,1872.99,1873.5,1866.0,1868.36,2861.72463,2021,3,10
2021-03-10 00:25:00+00:00,1868.36,1873.09,1867.75,1870.97,2474.92665,2021,3,10
2021-03-10 00:30:00+00:00,1870.79,1870.8,1866.0,1867.43,2484.73691,2021,3,10
2021-03-10 00:35:00+00:00,1867.48,1871.9,1866.65,1868.56,2304.66172,2021,3,10
2021-03-10 00:40:00+00:00,1868.56,1874.0,1867.17,1873.83,2271.31095,2021,3,10
2021-03-10 00:45:00+00:00,1873.82,1875.58,1868.22,1868.64,2155.57199,2021,3,10
2021-03-10 00:50:00+00:00,1868.64,1871.32,1867.5,1870.89,2065.49975,2021,3,10
2021-03-10 00:55:00+00:00,1870.89,1871.33,1868.42,1869.36,1626.44515,2021,3,10
2021-03-10 01:00:00+00:00,1869.42,1874.8,1869.36,1870.8,2428.33255,2021,3,10
2021-03-10 01:05:00+00:00,1871.09,1873.98,1866.17,1866.33,2767.93507,2021,3,10
2021-03-10 01:10:00+00:00,1866.33,1868.05,1859.21,1861.49,5249.34517,2021,3,10
2021-03-10 01:15:00+00:00,1861.5,1866.77,1861.2,1865.92,2349.89218,2021,3,10
2021-03-10 01:20:00+00:00,1865.9,1866.28,1861.71,1863.17,1585.15406,2021,3,10
2021-03-10 01:25:00+00:00,1863.06,1864.44,1852.26,1852.69,3183.54253,2021,3,10
2021-03-10 01:30:00+00:00,1852.72,1857.03,1842.57,1843.71,4154.75052,2021,3,10
2021-03-10 01:35:00+00:00,1843.49,1845.65,1833.33,1833.38,5996.59846,2021,3,10
2021-03-10 01:40:00+00:00,1833.63,1837.89,1822.25,1831.54,10390.26482,2021,3,10
2021-03-10 01:45:00+00:00,1830.93,1831.37,1817.45,1823.6,7397.21032,2021,3,10
2021-03-10 01:50:00+00:00,1823.65,1832.55,1823.59,1829.23,6727.68029,2021,3,10
2021-03-10 01:55:00+00:00,1829.01,1831.0,1826.0,1826.15,2031.43977,2021,3,10
2021-03-10 02:00:00+00:00,1826.16,1826.16,1802.0,1809.99,10297.39268,2021,3,10
2021-03-10 02:05:00+00:00,1810.0,1814.85,1780.0,1782.7,18691.45541,2021,3,10
2021-03-10 02:10:00+00:00,1781.74,1794.48,1771.0,1789.54,15837.68037,2021,3,10
2021-03-10 02:15:00+00:00,1789.92,1806.28,1786.27,1805.04,6199.8695,2021,3,10
2021-03-10 02:20:00+00:00,1805.04,1810.92,1802.2,1805.9,6124.44701,2021,3,10
2021-03-10 02:25:00+00:00,1805.9,1810.0,1801.6,1804.29,3986.26451,2021,3,10
2021-03-10 02:30:00+00:00,1804.26,1805.07,1789.46,1792.38,5072.20044,2021,3,10
2021-03-10 02:35:00+00:00,1792.63,1804.88,1791.87,1803.83,3508.17726,2021,3,10
2021-03-10 02:40:00+00:00,1803.71,1803.71,1790.0,1790.28,3026.56216,2021,3,10
2021-03-10 02:45:00+00:00,1790.29,1799.72,1790.02,1797.71,3033.81968,2021,3,10
2021-03-10 02:50:00+00:00,1797.61,1801.71,1793.3,1793.66,2773.11956,2021,3,10
2021-03-10 02:55:00+00:00,1793.67,1797.24,1791.21,1795.56,2440.97551,2021,3,10
2021-03-10 03:00:00+00:00,1795.82,1803.68,1795.27,1800.28,3156.07876,2021,3,10
2021-03-10 03:05:00+00:00,1800.27,1802.16,1791.0,1791.26,3570.90474,2021,3,10
2021-03-10 03:10:00+00:00,1791.25,1791.49,1782.65,1786.33,4302.272,2021,3,10
2021-03-10 03:15:00+00:00,1786.33,1787.42,1772.28,1780.0,8977.51929,2021,3,10
2021-03-10 03:20:00+00:00,1779.94,1791.0,1779.54,1789.55,3125.94045,2021,3,10
2021-03-10 03:25:00+00:00,1789.42,1793.29,1782.5,1783.75,2216.05538,2021,3,10
2021-03-10 03:30:00+00:00,1783.75,1789.68,1782.1,1785.82,1701.15583,2021,3,10
2021-03-10 03:35:00+00:00,1785.82,1793.48,1781.23,1784.25,2165.58023,2021,3,10
2021-03-10 03:40:00+00:00,1784.25,1784.53,1763.26,1768.73,7241.325,2021,3,10
2021-03-10 03:45:00+00:00,1768.61,1775.7,1757.0,1764.67,8124.90854,2021,3,10
2021-03-10 03:50:00+00:00,1764.32,1772.17,1762.01,1769.69,4669.98065,2021,3,10
2021-03-10 03:55:00+00:00,1769.57,1779.5,1766.06,1777.33,3588.28957,2021,3,10
2021-03-10 04:00:00+00:00,1777.52,1780.83,1767.74,1770.8,3721.34461,2021,3,10
2021-03-10 04:05:00+00:00,1770.8,1782.89,1767.16,1782.27,2518.74256,2021,3,10
2021-03-10 04:10:00+00:00,1782.35,1783.94,1777.02,1777.35,2417.88841,2021,3,10
2021-03-10 04:15:00+00:00,1777.35,1785.0,1774.34,1781.76,3016.81993,2021,3,10
2021-03-10 04:20:00+00:00,1781.65,1786.61,1779.56,1783.05,2206.04666,2021,3,10
2021-03-10 04:25:00+00:00,1783.0,1784.24,1775.99,1781.7,2194.23026,2021,3,10
2021-03-10 04:30:00+00:00,1781.53,1790.52,1774.01,1789.63,2792.24051,2021,3,10
2021-03-10 04:35:00+00:00,1789.63,1789.63,1781.3,1782.08,2609.4537,2021,3,10
2021-03-10 04:40:00+00:00,1782.34,1790.08,1781.67,1787.84,2717.54255,2021,3,10
2021-03-10 04:45:00+00:00,1787.99,1788.66,1784.72,1785.2,2037.90581,2021,3,10
2021-03-10 04:50:00+00:00,1785.21,1794.83,1784.42,1792.17,2932.18213,2021,3,10
2021-03-10 04:55:00+00:00,1792.09,1797.59,1791.11,1792.36,3578.14807,2021,3,10
2021-03-10 05:00:00+00:00,1792.5,1794.3,1790.0,1791.2,2493.32223,2021,3,10
2021-03-10 05:05:00+00:00,1791.2,1791.21,1785.0,1786.93,2322.87796,2021,3,10
2021-03-10 05:10:00+00:00,1786.93,1792.22,1783.31,1789.97,4981.409,2021,3,10
2021-03-10 05:15:00+00:00,1790.23,1799.76,1790.14,1797.39,3994.42397,2021,3,10
2021-03-10 05:20:00+00:00,1797.39,1803.38,1793.76,1801.25,3393.13194,2021,3,10
2021-03-10 05:25:00+00:00,1801.34,1805.47,1799.32,1799.88,4195.47409,2021,3,10
2021-03-10 05:30:00+00:00,1799.73,1800.17,1796.0,1799.38,1519.54856,2021,3,10
2021-03-10 05:35:00+00:00,1799.38,1803.38,1799.28,1802.65,2397.55888,2021,3,10
2021-03-10 05:40:00+00:00,1802.66,1804.28,1799.07,1801.76,1803.76261,2021,3,10
2021-03-10 05:45:00+00:00,1801.8,1803.0,1800.7,1801.0,1279.04997,2021,3,10
2021-03-10 05:50:00+00:00,1801.12,1802.0,1797.46,1800.19,2062.87338,2021,3,10
2021-03-10 05:55:00+00:00,1800.19,1801.8,1798.29,1800.72,1670.22912,2021,3,10
2021-03-10 06:00:00+00:00,1800.72,1802.22,1796.3,1798.32,1847.53431,2021,3,10
2021-03-10 06:05:00+00:00,1798.33,1799.57,1795.05,1796.81,2147.584,2021,3,10
2021-03-10 06:10:00+00:00,1796.88,1803.82,1796.76,1798.56,1755.28214,2021,3,10
2021-03-10 06:15:00+00:00,1798.57,1802.63,1798.02,1800.0,1152.09548,2021,3,10
2021-03-10 06:20:00+00:00,1800.0,1802.69,1799.99,1802.3,976.74905,2021,3,10
2021-03-10 06:25:00+00:00,1802.29,1808.0,1799.44,1806.79,2442.07072,2021,3,10
2021-03-10 06:30:00+00:00,1806.7,1812.99,1805.63,1808.56,3156.3113,2021,3,10
2021-03-10 06:35:00+00:00,1808.41,1809.39,1805.16,1807.15,1371.65589,2021,3,10
2021-03-10 06:40:00+00:00,1807.06,1809.49,1804.41,1809.38,1945.18524,2021,3,10
2021-03-10 06:45:00+00:00,1809.29,1813.81,1808.0,1810.0,3829.03126,2021,3,10
2021-03-10 06:50:00+00:00,1810.0,1810.01,1802.82,1804.61,2107.4438,2021,3,10
2021-03-10 06:55:00+00:00,1804.45,1806.99,1803.22,1806.86,1950.75542,2021,3,10
2021-03-10 07:00:00+00:00,1806.62,1806.72,1803.87,1804.56,1947.52777,2021,3,10
2021-03-10 07:05:00+00:00,1804.56,1806.0,1803.0,1804.66,2444.55966,2021,3,10
2021-03-10 07:10:00+00:00,1804.67,1809.16,1804.67,1806.51,2349.73725,2021,3,10
2021-03-10 07:15:00+00:00,1806.51,1807.98,1805.64,1806.5,2704.17538,2021,3,10
2021-03-10 07:20:00+00:00,1806.5,1813.52,1806.43,1812.88,2800.73485,2021,3,10
2021-03-10 07:25:00+00:00,1812.89,1814.0,1810.0,1812.92,1567.93706,2021,3,10
2021-03-10 07:30:00+00:00,1812.99,1813.89,1809.01,1810.6,1750.86562,2021,3,10
2021-03-10 07:35:00+00:00,1810.87,1813.47,1810.03,1813.25,1393.82492,2021,3,10
2021-03-10 07:40:00+00:00,1813.24,1815.0,1811.01,1813.03,2564.5561,2021,3,10
2021-03-10 07:45:00+00:00,1813.03,1815.0,1811.0,1814.99,2307.27691,2021,3,10
2021-03-10 07:50:00+00:00,1815.0,1815.42,1810.49,1810.6,2204.94501,2021,3,10
2021-03-10 07:55:00+00:00,1810.61,1811.77,1806.05,1806.51,2492.31628,2021,3,10
2021-03-10 08:00:00+00:00,1806.39,1810.99,1797.44,1801.71,5097.10281,2021,3,10
2021-03-10 08:05:00+00:00,1801.71,1815.57,1801.21,1815.49,2256.80446,2021,3,10
2021-03-10 08:10:00+00:00,1815.17,1816.29,1811.1,1815.18,2171.75652,2021,3,10
2021-03-10 08:15:00+00:00,1815.06,1819.96,1815.05,1816.62,2702.86607,2021,3,10
2021-03-10 08:20:00+00:00,1816.61,1818.05,1812.35,1816.16,2211.89753,2021,3,10
2021-03-10 08:25:00+00:00,1816.46,1817.75,1814.3,1814.5,1986.08936,2021,3,10
2021-03-10 08:30:00+00:00,1814.39,1818.99,1814.0,1817.27,1313.37322,2021,3,10
2021-03-10 08:35:00+00:00,1817.28,1818.61,1813.15,1813.6,1378.14174,2021,3,10
2021-03-10 08:40:00+00:00,1813.59,1816.9,1813.15,1814.12,1243.25232,2021,3,10
2021-03-10 08:45:00+00:00,1814.12,1820.0,1813.35,1819.49,2030.02837,2021,3,10
2021-03-10 08:50:00+00:00,1819.6,1823.07,1816.0,1822.42,2961.79904,2021,3,10
2021-03-10 08:55:00+00:00,1822.42,1825.87,1820.35,1823.13,2461.65584,2021,3,10
2021-03-10 09:00:00+00:00,1823.18,1826.65,1820.0,1820.15,1767.77952,2021,3,10
2021-03-10 09:05:00+00:00,1820.15,1821.0,1816.19,1817.43,1830.9139,2021,3,10
2021-03-10 09:10:00+00:00,1817.42,1819.99,1812.0,1813.03,2589.44814,2021,3,10
2021-03-10 09:15:00+00:00,1813.03,1819.58,1812.88,1816.51,2760.69982,2021,3,10
2021-03-10 09:20:00+00:00,1816.51,1820.14,1816.51,1818.66,2248.3166,2021,3,10
2021-03-10 09:25:00+00:00,1818.66,1827.91,1818.66,1827.17,3236.77996,2021,3,10
2021-03-10 09:30:00+00:00,1827.21,1836.77,1826.42,1833.62,5478.77233,2021,3,10
2021-03-10 09:35:00+00:00,1833.79,1839.96,1831.24,1837.18,4125.88422,2021,3,10
2021-03-10 09:40:00+00:00,1837.19,1837.45,1832.01,1832.02,3600.52457,2021,3,10
2021-03-10 09:45:00+00:00,1832.02,1834.71,1828.49,1832.88,2426.05361,2021,3,10
2021-03-10 09:50:00+00:00,1832.88,1833.93,1827.36,1831.15,2410.74649,2021,3,10
2021-03-10 09:55:00+00:00,1831.16,1833.02,1830.0,1832.54,2320.21214,2021,3,10
2021-03-10 10:00:00+00:00,1832.53,1835.49,1828.03,1828.23,2739.92281,2021,3,10
2021-03-10 10:05:00+00:00,1828.24,1828.48,1825.44,1827.98,2670.55149,2021,3,10
2021-03-10 10:10:00+00:00,1828.0,1831.0,1826.08,1826.31,1496.25374,2021,3,10
2021-03-10 10:15:00+00:00,1826.24,1830.21,1820.62,1828.3,3309.1784,2021,3,10
2021-03-10 10:20:00+00:00,1828.34,1829.71,1825.71,1825.75,1402.54819,2021,3,10
2021-03-10 10:25:00+00:00,1825.91,1827.62,1818.0,1824.43,2678.65931,2021,3,10
2021-03-10 10:30:00+00:00,1824.45,1824.91,1818.1,1821.77,2062.68447,2021,3,10
2021-03-10 10:35:00+00:00,1821.73,1824.99,1819.53,1822.68,1965.6087,2021,3,10
2021-03-10 10:40:00+00:00,1822.69,1824.81,1821.6,1822.69,1609.70278,2021,3,10
2021-03-10 10:45:00+00:00,1822.69,1830.67,1822.69,1830.41,2217.67083,2021,3,10
2021-03-10 10:50:00+00:00,1830.17,1830.91,1823.3,1823.85,1570.78444,2021,3,10
2021-03-10 10:55:00+00:00,1823.85,1823.85,1815.08,1816.99,3719.17763,2021,3,10
2021-03-10 11:00:00+00:00,1817.1,1817.1,1803.62,1805.82,5906.41377,2021,3,10
2021-03-10 11:05:00+00:00,1806.2,1813.04,1806.18,1812.99,2537.64776,2021,3,10
2021-03-10 11:10:00+00:00,1812.99,1819.84,1812.91,1815.44,1976.44641,2021,3,10
2021-03-10 11:15:00+00:00,1815.44,1820.0,1815.3,1819.0,2035.18542,2021,3,10
2021-03-10 11:20:00+00:00,1819.0,1820.09,1810.25,1810.55,3285.68196,2021,3,10
2021-03-10 11:25:00+00:00,1810.55,1818.79,1808.36,1817.97,2982.42174,2021,3,10
2021-03-10 11:30:00+00:00,1817.89,1818.79,1814.34,1817.48,1969.72583,2021,3,10
2021-03-10 11:35:00+00:00,1817.49,1817.54,1811.57,1812.93,1304.34283,2021,3,10
2021-03-10 11:40:00+00:00,1812.93,1815.99,1812.06,1815.23,1631.81897,2021,3,10
2021-03-10 11:45:00+00:00,1815.31,1815.72,1807.6,1812.46,2795.20496,2021,3,10
2021-03-10 11:50:00+00:00,1812.45,1818.74,1812.03,1816.04,2029.35319,2021,3,10
2021-03-10 11:55:00+00:00,1816.34,1818.58,1814.5,1814.86,1955.6021,2021,3,10
2021-03-10 12:00:00+00:00,1815.03,1826.74,1814.0,1825.99,3957.28922,2021,3,10
2021-03-10 12:05:00+00:00,1825.83,1827.47,1820.66,1823.34,2551.01853,2021,3,10
2021-03-10 12:10:00+00:00,1823.38,1824.04,1810.27,1811.05,3183.64587,2021,3,10
2021-03-10 12:15:00+00:00,1811.06,1817.22,1809.78,1815.6,4452.01001,2021,3,10
2021-03-10 12:20:00+00:00,1815.6,1822.79,1815.6,1819.12,2704.10352,2021,3,10
2021-03-10 12:25:00+00:00,1819.12,1821.65,1813.77,1814.09,1962.43728,2021,3,10
2021-03-10 12:30:00+00:00,1814.09,1827.31,1814.09,1825.29,3552.2996,2021,3,10
2021-03-10 12:35:00+00:00,1825.28,1829.96,1821.0,1822.09,2974.78645,2021,3,10
2021-03-10 12:40:00+00:00,1822.16,1824.88,1821.24,1822.86,1721.08423,2021,3,10
2021-03-10 12:45:00+00:00,1822.77,1823.91,1819.66,1819.67,2194.30123,2021,3,10
2021-03-10 12:50:00+00:00,1819.9,1823.21,1819.9,1821.37,1405.11449,2021,3,10
2021-03-10 12:55:00+00:00,1821.48,1823.02,1816.21,1819.28,2803.10356,2021,3,10
2021-03-10 13:00:00+00:00,1819.28,1825.99,1816.0,1822.49,3022.96843,2021,3,10
2021-03-10 13:05:00+00:00,1822.4,1832.22,1822.01,1830.27,4278.06783,2021,3,10
2021-03-10 13:10:00+00:00,1830.52,1836.46,1828.59,1835.25,3989.08168,2021,3,10
2021-03-10 13:15:00+00:00,1835.25,1837.41,1827.36,1830.52,3208.21914,2021,3,10
2021-03-10 13:20:00+00:00,1830.67,1835.0,1830.01,1831.57,2153.49241,2021,3,10
2021-03-10 13:25:00+00:00,1831.58,1833.5,1828.43,1828.73,2313.69425,2021,3,10
2021-03-10 13:30:00+00:00,1828.77,1845.0,1828.51,1843.35,6201.27274,2021,3,10
2021-03-10 13:35:00+00:00,1843.23,1848.38,1836.0,1837.31,4959.84403,2021,3,10
2021-03-10 13:40:00+00:00,1837.79,1842.73,1837.04,1840.65,2589.08106,2021,3,10
2021-03-10 13:45:00+00:00,1840.65,1842.67,1838.0,1842.44,2104.05232,2021,3,10
2021-03-10 13:50:00+00:00,1842.46,1848.61,1841.1,1842.12,3514.52289,2021,3,10
2021-03-10 13:55:00+00:00,1842.25,1846.39,1840.0,1844.35,2737.49877,2021,3,10
2021-03-10 14:00:00+00:00,1844.28,1846.86,1837.1,1838.76,3336.66654,2021,3,10
2021-03-10 14:05:00+00:00,1838.75,1840.62,1829.46,1834.66,3930.76836,2021,3,10
2021-03-10 14:10:00+00:00,1834.66,1836.26,1826.48,1835.55,4278.97092,2021,3,10
2021-03-10 14:15:00+00:00,1835.52,1837.46,1830.16,1833.75,2865.61888,2021,3,10
2021-03-10 14:20:00+00:00,1833.75,1833.91,1829.7,1829.7,1981.01316,2021,3,10
2021-03-10 14:25:00+00:00,1829.74,1834.39,1828.54,1833.73,2071.50684,2021,3,10
2021-03-10 14:30:00+00:00,1833.79,1837.99,1832.21,1835.47,2924.42758,2021,3,10
2021-03-10 14:35:00+00:00,1835.56,1837.0,1831.91,1837.0,1687.51611,2021,3,10
2021-03-10 14:40:00+00:00,1836.99,1839.5,1835.0,1839.13,1686.37882,2021,3,10
2021-03-10 14:45:00+00:00,1839.34,1843.98,1837.5,1839.96,3593.71227,2021,3,10
2021-03-10 14:50:00+00:00,1839.79,1842.57,1835.0,1836.55,3068.04618,2021,3,10
2021-03-10 14:55:00+00:00,1836.73,1843.57,1836.55,1842.06,3711.15169,2021,3,10
2021-03-10 15:00:00+00:00,1842.03,1849.0,1838.23,1847.49,7210.91305,2021,3,10
2021-03-10 15:05:00+00:00,1846.66,1850.0,1844.66,1845.91,3613.26508,2021,3,10
2021-03-10 15:10:00+00:00,1845.97,1847.43,1843.0,1843.84,2955.83278,2021,3,10
2021-03-10 15:15:00+00:00,1843.84,1848.0,1841.76,1842.01,2974.64134,2021,3,10
2021-03-10 15:20:00+00:00,1842.05,1844.48,1840.03,1843.98,2510.11383,2021,3,10
2021-03-10 15:25:00+00:00,1844.06,1845.74,1837.96,1837.99,2706.03872,2021,3,10
2021-03-10 15:30:00+00:00,1838.0,1839.54,1832.45,1836.14,3662.27814,2021,3,10
2021-03-10 15:35:00+00:00,1836.14,1838.96,1831.05,1831.28,3075.19514,2021,3,10
2021-03-10 15:40:00+00:00,1831.5,1832.43,1827.0,1827.91,5168.80422,2021,3,10
2021-03-10 15:45:00+00:00,1827.97,1836.0,1827.91,1832.12,3500.67418,2021,3,10
2021-03-10 15:50:00+00:00,1832.08,1834.24,1829.15,1830.07,4769.99398,2021,3,10
2021-03-10 15:55:00+00:00,1830.08,1833.69,1829.01,1831.0,3566.58414,2021,3,10
2021-03-10 16:00:00+00:00,1831.04,1839.64,1820.75,1837.84,7429.53667,2021,3,10
2021-03-10 16:05:00+00:00,1837.84,1841.46,1824.6,1825.0,2949.63771,2021,3,10
2021-03-10 16:10:00+00:00,1825.01,1837.0,1824.69,1836.34,2496.4836,2021,3,10
2021-03-10 16:15:00+00:00,1836.51,1838.47,1829.46,1831.57,1806.6473,2021,3,10
2021-03-10 16:20:00+00:00,1831.55,1835.46,1828.58,1828.74,2387.86013,2021,3,10
2021-03-10 16:25:00+00:00,1828.73,1834.22,1827.57,1831.38,2346.41525,2021,3,10
2021-03-10 16:30:00+00:00,1831.38,1841.59,1831.38,1839.95,2993.28741,2021,3,10
2021-03-10 16:35:00+00:00,1840.2,1842.78,1835.0,1836.57,2495.05312,2021,3,10
2021-03-10 16:40:00+00:00,1836.57,1836.78,1832.9,1833.85,2109.04116,2021,3,10
2021-03-10 16:45:00+00:00,1834.2,1836.36,1831.32,1834.48,2485.10861,2021,3,10
2021-03-10 16:50:00+00:00,1834.16,1842.82,1832.61,1842.54,4759.81591,2021,3,10
2021-03-10 16:55:00+00:00,1842.56,1845.99,1838.87,1844.34,4328.3503,2021,3,10
2021-03-10 17:00:00+00:00,1844.5,1848.85,1843.83,1845.27,4502.30618,2021,3,10
2021-03-10 17:05:00+00:00,1845.27,1847.29,1838.2,1844.36,2699.60422,2021,3,10
2021-03-10 17:10:00+00:00,1844.35,1845.89,1840.44,1841.74,1943.33008,2021,3,10
2021-03-10 17:15:00+00:00,1841.75,1850.96,1841.0,1850.47,3483.95529,2021,3,10
2021-03-10 17:20:00+00:00,1850.9,1862.28,1850.63,1862.14,13366.99743,2021,3,10
2021-03-10 17:25:00+00:00,1862.3,1867.77,1857.04,1865.38,6982.68452,2021,3,10
2021-03-10 17:30:00+00:00,1865.12,1870.2,1856.71,1859.0,6010.77277,2021,3,10
2021-03-10 17:35:00+00:00,1858.68,1860.07,1849.25,1852.21,4287.51338,2021,3,10
2021-03-10 17:40:00+00:00,1852.58,1852.58,1839.01,1844.22,5826.72695,2021,3,10
2021-03-10 17:45:00+00:00,1844.58,1859.71,1843.67,1857.53,4996.05897,2021,3,10
2021-03-10 17:50:00+00:00,1857.24,1857.27,1849.0,1853.06,2538.41118,2021,3,10
2021-03-10 17:55:00+00:00,1853.17,1853.47,1848.15,1852.74,2007.63,2021,3,10
2021-03-10 18:00:00+00:00,1852.76,1859.41,1848.79,1852.45,3015.64778,2021,3,10
2021-03-10 18:05:00+00:00,1852.71,1853.0,1848.59,1852.63,1730.526,2021,3,10
2021-03-10 18:10:00+00:00,1852.77,1854.73,1850.23,1851.68,1613.75335,2021,3,10
2021-03-10 18:15:00+00:00,1851.99,1853.51,1842.3,1842.73,2215.95182,2021,3,10
2021-03-10 18:20:00+00:00,1842.73,1849.42,1842.32,1847.17,2030.00074,2021,3,10
2021-03-10 18:25:00+00:00,1847.39,1848.73,1841.38,1845.0,3576.30123,2021,3,10
2021-03-10 18:30:00+00:00,1844.75,1849.29,1844.75,1847.73,1804.51105,2021,3,10
2021-03-10 18:35:00+00:00,1847.71,1848.9,1846.07,1848.69,1741.27906,2021,3,10
2021-03-10 18:40:00+00:00,1848.7,1852.56,1843.81,1844.65,2482.80713,2021,3,10
2021-03-10 18:45:00+00:00,1844.65,1845.0,1834.41,1839.9,4394.67128,2021,3,10
2021-03-10 18:50:00+00:00,1839.91,1844.51,1839.91,1842.02,1968.98909,2021,3,10
2021-03-10 18:55:00+00:00,1842.29,1844.05,1840.01,1842.52,1087.45041,2021,3,10
2021-03-10 19:00:00+00:00,1842.52,1847.63,1840.03,1845.85,3204.24418,2021,3,10
2021-03-10 19:05:00+00:00,1845.84,1850.0,1844.42,1847.37,2396.38186,2021,3,10
2021-03-10 19:10:00+00:00,1847.36,1859.51,1846.98,1855.47,4092.69182,2021,3,10
2021-03-10 19:15:00+00:00,1855.24,1858.15,1852.07,1856.36,1869.71074,2021,3,10
2021-03-10 19:20:00+00:00,1856.09,1857.85,1850.14,1854.26,2593.17864,2021,3,10
2021-03-10 19:25:00+00:00,1854.25,1855.33,1848.17,1850.34,2008.09878,2021,3,10
2021-03-10 19:30:00+00:00,1850.01,1852.43,1846.0,1851.15,2104.22071,2021,3,10
2021-03-10 19:35:00+00:00,1851.15,1851.77,1846.65,1848.68,1438.77228,2021,3,10
2021-03-10 19:40:00+00:00,1848.58,1849.88,1842.27,1843.32,2590.44847,2021,3,10
2021-03-10 19:45:00+00:00,1843.27,1849.89,1842.62,1848.95,2088.32986,2021,3,10
2021-03-10 19:50:00+00:00,1849.0,1849.76,1842.51,1843.51,2337.37764,2021,3,10
2021-03-10 19:55:00+00:00,1843.51,1843.61,1835.79,1838.92,2399.35537,2021,3,10
2021-03-10 20:00:00+00:00,1838.92,1841.41,1833.0,1838.49,3214.24663,2021,3,10
2021-03-10 20:05:00+00:00,1838.29,1841.96,1835.5,1839.54,1815.76816,2021,3,10
2021-03-10 20:10:00+00:00,1839.54,1839.65,1832.64,1832.99,1770.29636,2021,3,10
2021-03-10 20:15:00+00:00,1832.99,1834.54,1808.21,1818.56,9619.06101,2021,3,10
2021-03-10 20:20:00+00:00,1818.57,1821.73,1810.6,1816.48,3340.25127,2021,3,10
2021-03-10 20:25:00+00:00,1816.48,1822.88,1816.47,1820.72,2532.1895,2021,3,10
2021-03-10 20:30:00+00:00,1820.9,1820.91,1803.33,1805.02,5899.73179,2021,3,10
2021-03-10 20:35:00+00:00,1805.28,1812.43,1803.17,1806.83,3794.85826,2021,3,10
2021-03-10 20:40:00+00:00,1806.84,1813.0,1794.25,1794.96,6554.389,2021,3,10
2021-03-10 20:45:00+00:00,1794.96,1809.18,1794.0,1807.89,5084.4007,2021,3,10
2021-03-10 20:50:00+00:00,1807.81,1812.81,1806.0,1806.46,2952.6743,2021,3,10
2021-03-10 20:55:00+00:00,1806.46,1808.97,1801.34,1804.45,2482.56627,2021,3,10
2021-03-10 21:00:00+00:00,1804.2,1804.2,1782.61,1784.83,6398.2645,2021,3,10
2021-03-10 21:05:00+00:00,1784.61,1785.18,1767.18,1773.31,11011.91747,2021,3,10
2021-03-10 21:10:00+00:00,1773.33,1785.0,1762.83,1780.39,7234.3151,2021,3,10
2021-03-10 21:15:00+00:00,1780.38,1791.37,1779.58,1789.68,3671.75103,2021,3,10
2021-03-10 21:20:00+00:00,1789.42,1793.76,1785.0,1791.5,3728.08589,2021,3,10
2021-03-10 21:25:00+00:00,1791.28,1805.28,1791.07,1801.86,4684.17113,2021,3,10
2021-03-10 21:30:00+00:00,1801.98,1813.22,1799.3,1806.38,5605.61421,2021,3,10
2021-03-10 21:35:00+00:00,1806.39,1808.1,1797.92,1805.73,3180.10865,2021,3,10
2021-03-10 21:40:00+00:00,1805.6,1805.6,1799.16,1800.33,2958.19572,2021,3,10
2021-03-10 21:45:00+00:00,1800.34,1812.09,1800.34,1805.21,4163.17328,2021,3,10
2021-03-10 21:50:00+00:00,1805.2,1810.55,1803.73,1810.19,2125.58634,2021,3,10
2021-03-10 21:55:00+00:00,1810.2,1820.95,1808.46,1816.06,2329.34895,2021,3,10
2021-03-10 22:00:00+00:00,1816.24,1823.82,1815.64,1817.62,2188.98455,2021,3,10
2021-03-10 22:05:00+00:00,1817.62,1825.26,1813.96,1820.54,1835.76764,2021,3,10
2021-03-10 22:10:00+00:00,1820.43,1821.0,1817.0,1819.99,1152.25237,2021,3,10
2021-03-10 22:15:00+00:00,1820.0,1820.36,1811.08,1811.48,1766.2218,2021,3,10
2021-03-10 22:20:00+00:00,1811.36,1826.82,1811.35,1826.34,1708.57977,2021,3,10
2021-03-10 22:25:00+00:00,1826.42,1826.94,1813.12,1821.07,2234.62735,2021,3,10
2021-03-10 22:30:00+00:00,1820.7,1829.24,1820.7,1828.77,1288.24872,2021,3,10
2021-03-10 22:35:00+00:00,1828.79,1834.14,1825.89,1833.52,1301.6241,2021,3,10
2021-03-10 22:40:00+00:00,1833.38,1833.38,1827.8,1829.72,1733.10708,2021,3,10
2021-03-10 22:45:00+00:00,1829.58,1829.93,1821.31,1827.0,1578.73703,2021,3,10
2021-03-10 22:50:00+00:00,1827.01,1829.82,1822.61,1828.46,1144.94881,2021,3,10
2021-03-10 22:55:00+00:00,1828.19,1833.35,1827.2,1830.96,2431.40953,2021,3,10
2021-03-10 23:00:00+00:00,1830.97,1833.26,1801.74,1812.16,4475.28893,2021,3,10
2021-03-10 23:05:00+00:00,1811.62,1818.88,1806.04,1817.9,5000.67514,2021,3,10
2021-03-10 23:10:00+00:00,1818.34,1828.1,1815.03,1818.17,4048.22142,2021,3,10
2021-03-10 23:15:00+00:00,1818.17,1818.62,1809.18,1814.97,3497.99052,2021,3,10
2021-03-10 23:20:00+00:00,1814.97,1819.02,1812.31,1814.69,1519.45022,2021,3,10
2021-03-10 23:25:00+00:00,1814.69,1817.69,1803.23,1806.3,3088.9213,2021,3,10
2021-03-10 23:30:00+00:00,1805.99,1806.33,1789.6,1795.21,5174.41865,2021,3,10
2021-03-10 23:35:00+00:00,1795.53,1800.86,1792.78,1798.26,2189.82976,2021,3,10
2021-03-10 23:40:00+00:00,1798.28,1805.28,1794.25,1800.02,2700.89878,2021,3,10
2021-03-10 23:45:00+00:00,1800.01,1809.35,1798.85,1803.04,2244.32889,2021,3,10
2021-03-10 23:50:00+00:00,1803.02,1807.0,1796.1,1797.77,1771.76548,2021,3,10
2021-03-10 23:55:00+00:00,1797.27,1802.81,1793.0,1795.12,2764.77085,2021,3,10
